"['ch2_cla_l1_20240707T143856205_20240707T143904205.fits'
 'ch2_cla_l1_20240707T143904205_20240707T143912205.fits'
 'ch2_cla_l1_20240707T143912205_20240707T143920205.fits'
 'ch2_cla_l1_20240707T143920205_20240707T143928205.fits'
 'ch2_cla_l1_20240707T143928205_20240707T143936205.fits'
 'ch2_cla_l1_20240707T143936205_20240707T143944205.fits'
 'ch2_cla_l1_20240707T143944205_20240707T143952205.fits'
 'ch2_cla_l1_20240707T143952205_20240707T144000205.fits'
 'ch2_cla_l1_20240707T144000205_20240707T144008205.fits'
 'ch2_cla_l1_20240707T144008205_20240707T144016205.fits'
 'ch2_cla_l1_20240707T144016205_20240707T144024205.fits'
 'ch2_cla_l1_20240707T144024205_20240707T144032205.fits'
 'ch2_cla_l1_20240707T144032205_20240707T144040205.fits'
 'ch2_cla_l1_20240707T144040205_20240707T144048205.fits'
 'ch2_cla_l1_20240707T144048205_20240707T144056205.fits'
 'ch2_cla_l1_20240707T144056205_20240707T144104205.fits'
 'ch2_cla_l1_20240707T144104205_20240707T144112205.fits'
 'ch2_cla_l1_20240707T144112205_20240707T144120205.fits'
 'ch2_cla_l1_20240707T144120205_20240707T144128205.fits'
 'ch2_cla_l1_20240707T144128205_20240707T144136205.fits'
 'ch2_cla_l1_20240707T144136205_20240707T144144205.fits'
 'ch2_cla_l1_20240707T144144205_20240707T144152205.fits'
 'ch2_cla_l1_20240707T144152205_20240707T144200205.fits'
 'ch2_cla_l1_20240707T144200205_20240707T144208205.fits'
 'ch2_cla_l1_20240707T144208205_20240707T144216205.fits'
 'ch2_cla_l1_20240707T144216205_20240707T144224205.fits'
 'ch2_cla_l1_20240707T144224205_20240707T144232205.fits'
 'ch2_cla_l1_20240707T144232205_20240707T144240205.fits'
 'ch2_cla_l1_20240707T144240205_20240707T144248205.fits'
 'ch2_cla_l1_20240707T144248205_20240707T144256205.fits'
 'ch2_cla_l1_20240707T144256205_20240707T144304205.fits'
 'ch2_cla_l1_20240707T144304205_20240707T144312205.fits'
 'ch2_cla_l1_20240707T144312205_20240707T144320205.fits'
 'ch2_cla_l1_20240707T144320205_20240707T144328205.fits'
 'ch2_cla_l1_20240707T144328205_20240707T144336205.fits'
 'ch2_cla_l1_20240707T144336205_20240707T144344205.fits'
 'ch2_cla_l1_20240707T144344205_20240707T144352205.fits'
 'ch2_cla_l1_20240707T144352205_20240707T144400205.fits'
 'ch2_cla_l1_20240707T144400205_20240707T144408205.fits'
 'ch2_cla_l1_20240707T144408205_20240707T144416205.fits'
 'ch2_cla_l1_20240707T144416205_20240707T144424205.fits'
 'ch2_cla_l1_20240707T144424205_20240707T144432205.fits'
 'ch2_cla_l1_20240707T144432205_20240707T144440205.fits'
 'ch2_cla_l1_20240707T144440205_20240707T144448205.fits'
 'ch2_cla_l1_20240707T144448205_20240707T144456205.fits'
 'ch2_cla_l1_20240707T144456205_20240707T144504205.fits'
 'ch2_cla_l1_20240707T144504205_20240707T144512205.fits'
 'ch2_cla_l1_20240707T144512205_20240707T144520205.fits'
 'ch2_cla_l1_20240707T144520205_20240707T144528205.fits'
 'ch2_cla_l1_20240707T144528205_20240707T144536205.fits'
 'ch2_cla_l1_20240707T144536205_20240707T144544205.fits'
 'ch2_cla_l1_20240707T144544205_20240707T144552205.fits'
 'ch2_cla_l1_20240707T144552205_20240707T144600205.fits'
 'ch2_cla_l1_20240707T144600205_20240707T144608205.fits'
 'ch2_cla_l1_20240707T144608205_20240707T144616205.fits'
 'ch2_cla_l1_20240707T144616205_20240707T144624205.fits'
 'ch2_cla_l1_20240707T144624205_20240707T144632205.fits'
 'ch2_cla_l1_20240707T144632205_20240707T144640205.fits'
 'ch2_cla_l1_20240707T144640205_20240707T144648205.fits'
 'ch2_cla_l1_20240707T144648205_20240707T144656205.fits'
 'ch2_cla_l1_20240707T144656205_20240707T144704205.fits'
 'ch2_cla_l1_20240707T144704205_20240707T144712205.fits'
 'ch2_cla_l1_20240707T144712205_20240707T144720205.fits'
 'ch2_cla_l1_20240707T144720205_20240707T144728205.fits'
 'ch2_cla_l1_20240707T144728205_20240707T144736205.fits'
 'ch2_cla_l1_20240707T144736205_20240707T144744205.fits'
 'ch2_cla_l1_20240707T144744205_20240707T144752205.fits'
 'ch2_cla_l1_20240707T144752205_20240707T144800205.fits'
 'ch2_cla_l1_20240707T144800205_20240707T144808205.fits'
 'ch2_cla_l1_20240707T144808205_20240707T144816205.fits'
 'ch2_cla_l1_20240707T144816205_20240707T144824205.fits'
 'ch2_cla_l1_20240707T144824205_20240707T144832205.fits'
 'ch2_cla_l1_20240707T144832205_20240707T144840205.fits'
 'ch2_cla_l1_20240707T144840205_20240707T144848205.fits'
 'ch2_cla_l1_20240707T144848205_20240707T144856205.fits'
 'ch2_cla_l1_20240707T144856205_20240707T144904205.fits'
 'ch2_cla_l1_20240707T144904205_20240707T144912205.fits'
 'ch2_cla_l1_20240707T144912205_20240707T144920205.fits'
 'ch2_cla_l1_20240707T144920205_20240707T144928205.fits'
 'ch2_cla_l1_20240707T144928205_20240707T144936205.fits'
 'ch2_cla_l1_20240707T144936205_20240707T144944205.fits'
 'ch2_cla_l1_20240707T144944205_20240707T144952205.fits'
 'ch2_cla_l1_20240707T144952205_20240707T145000205.fits'
 'ch2_cla_l1_20240707T145000205_20240707T145008205.fits'
 'ch2_cla_l1_20240707T145008205_20240707T145016205.fits'
 'ch2_cla_l1_20240707T145016205_20240707T145024205.fits'
 'ch2_cla_l1_20240707T145024205_20240707T145032205.fits'
 'ch2_cla_l1_20240707T145032205_20240707T145040205.fits'
 'ch2_cla_l1_20240707T145040205_20240707T145048205.fits'
 'ch2_cla_l1_20240707T145048205_20240707T145056205.fits'
 'ch2_cla_l1_20240707T145056205_20240707T145104205.fits'
 'ch2_cla_l1_20240707T145104205_20240707T145112205.fits'
 'ch2_cla_l1_20240707T145112205_20240707T145120205.fits'
 'ch2_cla_l1_20240707T145120205_20240707T145128205.fits'
 'ch2_cla_l1_20240707T145128205_20240707T145136205.fits'
 'ch2_cla_l1_20240707T145136205_20240707T145144205.fits'
 'ch2_cla_l1_20240707T145144205_20240707T145152205.fits'
 'ch2_cla_l1_20240707T145152205_20240707T145200205.fits'
 'ch2_cla_l1_20240707T145200205_20240707T145208205.fits'
 'ch2_cla_l1_20240707T145208205_20240707T145216205.fits'
 'ch2_cla_l1_20240707T145216205_20240707T145224205.fits'
 'ch2_cla_l1_20240707T145224205_20240707T145232205.fits'
 'ch2_cla_l1_20240707T145232205_20240707T145240205.fits'
 'ch2_cla_l1_20240707T145240205_20240707T145248205.fits'
 'ch2_cla_l1_20240707T145248205_20240707T145256205.fits'
 'ch2_cla_l1_20240707T145256205_20240707T145304205.fits'
 'ch2_cla_l1_20240707T145304205_20240707T145312205.fits'
 'ch2_cla_l1_20240707T145312205_20240707T145320205.fits'
 'ch2_cla_l1_20240707T145320205_20240707T145328205.fits'
 'ch2_cla_l1_20240707T145328205_20240707T145336205.fits'
 'ch2_cla_l1_20240707T145336205_20240707T145344205.fits'
 'ch2_cla_l1_20240707T145344205_20240707T145352205.fits'
 'ch2_cla_l1_20240707T145352205_20240707T145400205.fits'
 'ch2_cla_l1_20240707T145400205_20240707T145408205.fits'
 'ch2_cla_l1_20240707T145408205_20240707T145416205.fits'
 'ch2_cla_l1_20240707T145416205_20240707T145424205.fits'
 'ch2_cla_l1_20240707T145424205_20240707T145432205.fits'
 'ch2_cla_l1_20240707T145432205_20240707T145440205.fits'
 'ch2_cla_l1_20240707T145440205_20240707T145448205.fits'
 'ch2_cla_l1_20240707T145448205_20240707T145456205.fits'
 'ch2_cla_l1_20240707T145456205_20240707T145504205.fits'
 'ch2_cla_l1_20240707T145504205_20240707T145512205.fits'
 'ch2_cla_l1_20240707T145512205_20240707T145520205.fits'
 'ch2_cla_l1_20240707T145520205_20240707T145528205.fits'
 'ch2_cla_l1_20240707T145528205_20240707T145536205.fits'
 'ch2_cla_l1_20240707T145536205_20240707T145544205.fits'
 'ch2_cla_l1_20240707T145544205_20240707T145552205.fits'
 'ch2_cla_l1_20240707T145552205_20240707T145600205.fits'
 'ch2_cla_l1_20240707T145600205_20240707T145608205.fits'
 'ch2_cla_l1_20240707T145608205_20240707T145616205.fits'
 'ch2_cla_l1_20240707T145616205_20240707T145624205.fits'
 'ch2_cla_l1_20240707T145624205_20240707T145632205.fits'
 'ch2_cla_l1_20240707T145632205_20240707T145640205.fits'
 'ch2_cla_l1_20240707T145640205_20240707T145648205.fits'
 'ch2_cla_l1_20240707T145648205_20240707T145656205.fits'
 'ch2_cla_l1_20240707T145656205_20240707T145704205.fits'
 'ch2_cla_l1_20240707T145704205_20240707T145712205.fits'
 'ch2_cla_l1_20240707T145712205_20240707T145720205.fits'
 'ch2_cla_l1_20240707T145720205_20240707T145728205.fits'
 'ch2_cla_l1_20240707T145728205_20240707T145736205.fits'
 'ch2_cla_l1_20240707T145736205_20240707T145744205.fits'
 'ch2_cla_l1_20240707T145744205_20240707T145752205.fits'
 'ch2_cla_l1_20240707T145752205_20240707T145800205.fits'
 'ch2_cla_l1_20240707T145800205_20240707T145808205.fits'
 'ch2_cla_l1_20240707T145808205_20240707T145816205.fits'
 'ch2_cla_l1_20240707T145816205_20240707T145824205.fits'
 'ch2_cla_l1_20240707T145824205_20240707T145832205.fits'
 'ch2_cla_l1_20240707T145832205_20240707T145840205.fits'
 'ch2_cla_l1_20240707T145840205_20240707T145848205.fits'
 'ch2_cla_l1_20240707T145848205_20240707T145856205.fits'
 'ch2_cla_l1_20240707T145856205_20240707T145904205.fits'
 'ch2_cla_l1_20240707T145904205_20240707T145912205.fits'
 'ch2_cla_l1_20240707T145912205_20240707T145920205.fits'
 'ch2_cla_l1_20240707T145920205_20240707T145928205.fits'
 'ch2_cla_l1_20240707T145928205_20240707T145936205.fits'
 'ch2_cla_l1_20240707T145936205_20240707T145944205.fits'
 'ch2_cla_l1_20240707T145944205_20240707T145952205.fits'
 'ch2_cla_l1_20240707T145952205_20240707T150000205.fits'
 'ch2_cla_l1_20240707T150000205_20240707T150008205.fits'
 'ch2_cla_l1_20240707T150008205_20240707T150016205.fits'
 'ch2_cla_l1_20240707T150016205_20240707T150024205.fits'
 'ch2_cla_l1_20240707T150024205_20240707T150032205.fits'
 'ch2_cla_l1_20240707T150032205_20240707T150040205.fits'
 'ch2_cla_l1_20240707T150040205_20240707T150048205.fits'
 'ch2_cla_l1_20240707T150048205_20240707T150056205.fits'
 'ch2_cla_l1_20240707T150056205_20240707T150104205.fits'
 'ch2_cla_l1_20240707T150104205_20240707T150112205.fits'
 'ch2_cla_l1_20240707T150112205_20240707T150120205.fits'
 'ch2_cla_l1_20240707T150120205_20240707T150128205.fits'
 'ch2_cla_l1_20240707T150128205_20240707T150136205.fits'
 'ch2_cla_l1_20240707T150136205_20240707T150144205.fits'
 'ch2_cla_l1_20240707T150144205_20240707T150152205.fits'
 'ch2_cla_l1_20240707T150152205_20240707T150200205.fits'
 'ch2_cla_l1_20240707T150200205_20240707T150208205.fits'
 'ch2_cla_l1_20240707T150208205_20240707T150216205.fits'
 'ch2_cla_l1_20240707T150216205_20240707T150224205.fits'
 'ch2_cla_l1_20240707T150224205_20240707T150232205.fits'
 'ch2_cla_l1_20240707T150232205_20240707T150240205.fits'
 'ch2_cla_l1_20240707T150240205_20240707T150248205.fits'
 'ch2_cla_l1_20240707T150248205_20240707T150256205.fits'
 'ch2_cla_l1_20240707T150256205_20240707T150304205.fits'
 'ch2_cla_l1_20240707T150304205_20240707T150312205.fits'
 'ch2_cla_l1_20240707T150312205_20240707T150320205.fits'
 'ch2_cla_l1_20240707T150320205_20240707T150328205.fits'
 'ch2_cla_l1_20240707T150328205_20240707T150336205.fits'
 'ch2_cla_l1_20240707T150336205_20240707T150344205.fits'
 'ch2_cla_l1_20240707T150344205_20240707T150352205.fits'
 'ch2_cla_l1_20240707T150352205_20240707T150400205.fits'
 'ch2_cla_l1_20240707T150400205_20240707T150408205.fits'
 'ch2_cla_l1_20240707T150408205_20240707T150416205.fits'
 'ch2_cla_l1_20240707T150416205_20240707T150424205.fits'
 'ch2_cla_l1_20240707T150424205_20240707T150432205.fits'
 'ch2_cla_l1_20240707T150432205_20240707T150440205.fits'
 'ch2_cla_l1_20240707T150440205_20240707T150448205.fits'
 'ch2_cla_l1_20240707T150448205_20240707T150456205.fits'
 'ch2_cla_l1_20240707T150456205_20240707T150504205.fits'
 'ch2_cla_l1_20240707T150504205_20240707T150512205.fits'
 'ch2_cla_l1_20240707T150512205_20240707T150520205.fits'
 'ch2_cla_l1_20240707T150520205_20240707T150528205.fits'
 'ch2_cla_l1_20240707T150528205_20240707T150536205.fits'
 'ch2_cla_l1_20240707T150536205_20240707T150544205.fits'
 'ch2_cla_l1_20240707T150544205_20240707T150552205.fits'
 'ch2_cla_l1_20240707T150552205_20240707T150600205.fits'
 'ch2_cla_l1_20240707T150600205_20240707T150608205.fits'
 'ch2_cla_l1_20240707T150608205_20240707T150616205.fits'
 'ch2_cla_l1_20240707T150616205_20240707T150624205.fits'
 'ch2_cla_l1_20240707T150624205_20240707T150632205.fits'
 'ch2_cla_l1_20240707T150632205_20240707T150640205.fits'
 'ch2_cla_l1_20240707T150640205_20240707T150648205.fits'
 'ch2_cla_l1_20240707T150648205_20240707T150656205.fits'
 'ch2_cla_l1_20240707T150656205_20240707T150704205.fits'
 'ch2_cla_l1_20240707T150704205_20240707T150712205.fits'
 'ch2_cla_l1_20240707T150712205_20240707T150720205.fits'
 'ch2_cla_l1_20240707T150720205_20240707T150728205.fits'
 'ch2_cla_l1_20240707T150728205_20240707T150736205.fits'
 'ch2_cla_l1_20240707T150736205_20240707T150744205.fits'
 'ch2_cla_l1_20240707T150744205_20240707T150752205.fits'
 'ch2_cla_l1_20240707T150752205_20240707T150800205.fits'
 'ch2_cla_l1_20240707T150800205_20240707T150808205.fits'
 'ch2_cla_l1_20240707T150808205_20240707T150816205.fits'
 'ch2_cla_l1_20240707T150816205_20240707T150824205.fits'
 'ch2_cla_l1_20240707T150824205_20240707T150832205.fits'
 'ch2_cla_l1_20240707T150832205_20240707T150840205.fits'
 'ch2_cla_l1_20240707T150840205_20240707T150848205.fits'
 'ch2_cla_l1_20240707T150848205_20240707T150856205.fits'
 'ch2_cla_l1_20240707T150856205_20240707T150904205.fits'
 'ch2_cla_l1_20240707T150904205_20240707T150912205.fits'
 'ch2_cla_l1_20240707T150912205_20240707T150920205.fits'
 'ch2_cla_l1_20240707T150920205_20240707T150928205.fits'
 'ch2_cla_l1_20240707T150928205_20240707T150936205.fits'
 'ch2_cla_l1_20240707T150936205_20240707T150944205.fits'
 'ch2_cla_l1_20240707T150944205_20240707T150952205.fits'
 'ch2_cla_l1_20240707T150952205_20240707T151000205.fits'
 'ch2_cla_l1_20240707T151000205_20240707T151008205.fits'
 'ch2_cla_l1_20240707T151008205_20240707T151016205.fits'
 'ch2_cla_l1_20240707T151016205_20240707T151024205.fits'
 'ch2_cla_l1_20240707T151024205_20240707T151032205.fits'
 'ch2_cla_l1_20240707T151032205_20240707T151040205.fits'
 'ch2_cla_l1_20240707T151040205_20240707T151048205.fits'
 'ch2_cla_l1_20240707T151048205_20240707T151056205.fits'
 'ch2_cla_l1_20240707T151056205_20240707T151104205.fits'
 'ch2_cla_l1_20240707T151104205_20240707T151112205.fits'
 'ch2_cla_l1_20240707T151112205_20240707T151120205.fits'
 'ch2_cla_l1_20240707T151120205_20240707T151128205.fits'
 'ch2_cla_l1_20240707T151128205_20240707T151136205.fits'
 'ch2_cla_l1_20240707T151136205_20240707T151144205.fits'
 'ch2_cla_l1_20240707T151144205_20240707T151152205.fits'
 'ch2_cla_l1_20240707T151152205_20240707T151200205.fits'
 'ch2_cla_l1_20240707T151200205_20240707T151208205.fits'
 'ch2_cla_l1_20240707T151208205_20240707T151216205.fits'
 'ch2_cla_l1_20240707T151216205_20240707T151224205.fits'
 'ch2_cla_l1_20240707T151224205_20240707T151232205.fits'
 'ch2_cla_l1_20240707T151232205_20240707T151240205.fits'
 'ch2_cla_l1_20240707T151240205_20240707T151248205.fits'
 'ch2_cla_l1_20240707T151248205_20240707T151256205.fits'
 'ch2_cla_l1_20240707T151256205_20240707T151304205.fits'
 'ch2_cla_l1_20240707T151304205_20240707T151312205.fits'
 'ch2_cla_l1_20240707T151312205_20240707T151320205.fits'
 'ch2_cla_l1_20240707T151320205_20240707T151328205.fits'
 'ch2_cla_l1_20240707T151328205_20240707T151336205.fits'
 'ch2_cla_l1_20240707T151336205_20240707T151344205.fits'
 'ch2_cla_l1_20240707T151344205_20240707T151352205.fits'
 'ch2_cla_l1_20240707T151352205_20240707T151400205.fits'
 'ch2_cla_l1_20240707T151400205_20240707T151408205.fits'
 'ch2_cla_l1_20240707T151408205_20240707T151416205.fits'
 'ch2_cla_l1_20240707T151416205_20240707T151424205.fits'
 'ch2_cla_l1_20240707T151424205_20240707T151432205.fits'
 'ch2_cla_l1_20240707T151432205_20240707T151440205.fits'
 'ch2_cla_l1_20240707T151440205_20240707T151448205.fits'
 'ch2_cla_l1_20240707T151448205_20240707T151456205.fits'
 'ch2_cla_l1_20240707T151456205_20240707T151504205.fits'
 'ch2_cla_l1_20240707T151504205_20240707T151512205.fits'
 'ch2_cla_l1_20240707T151512205_20240707T151520205.fits'
 'ch2_cla_l1_20240707T151520205_20240707T151528205.fits'
 'ch2_cla_l1_20240707T151528205_20240707T151536205.fits'
 'ch2_cla_l1_20240707T151536205_20240707T151544205.fits'
 'ch2_cla_l1_20240707T151544205_20240707T151552205.fits'
 'ch2_cla_l1_20240707T151552205_20240707T151600205.fits'
 'ch2_cla_l1_20240707T151600205_20240707T151608205.fits'
 'ch2_cla_l1_20240707T151608205_20240707T151616205.fits'
 'ch2_cla_l1_20240707T151616205_20240707T151624205.fits'
 'ch2_cla_l1_20240707T151624205_20240707T151632205.fits'
 'ch2_cla_l1_20240707T151632205_20240707T151640205.fits'
 'ch2_cla_l1_20240707T151640205_20240707T151648205.fits'
 'ch2_cla_l1_20240707T151648205_20240707T151656205.fits'
 'ch2_cla_l1_20240707T151656205_20240707T151704205.fits'
 'ch2_cla_l1_20240707T151704205_20240707T151712205.fits'
 'ch2_cla_l1_20240707T151712205_20240707T151720205.fits'
 'ch2_cla_l1_20240707T151720205_20240707T151728205.fits'
 'ch2_cla_l1_20240707T151728205_20240707T151736205.fits'
 'ch2_cla_l1_20240707T151736205_20240707T151744205.fits'
 'ch2_cla_l1_20240707T151744205_20240707T151752205.fits'
 'ch2_cla_l1_20240707T151752205_20240707T151800205.fits'
 'ch2_cla_l1_20240707T151800205_20240707T151808205.fits'
 'ch2_cla_l1_20240707T151808205_20240707T151816205.fits'
 'ch2_cla_l1_20240707T151816205_20240707T151824205.fits'
 'ch2_cla_l1_20240707T151824205_20240707T151832205.fits'
 'ch2_cla_l1_20240707T151832205_20240707T151840205.fits'
 'ch2_cla_l1_20240707T151840205_20240707T151848205.fits'
 'ch2_cla_l1_20240707T151848205_20240707T151856205.fits'
 'ch2_cla_l1_20240707T151856205_20240707T151904205.fits'
 'ch2_cla_l1_20240707T151904205_20240707T151912205.fits'
 'ch2_cla_l1_20240707T151912205_20240707T151920205.fits'
 'ch2_cla_l1_20240707T151920205_20240707T151928205.fits'
 'ch2_cla_l1_20240707T151928205_20240707T151936205.fits'
 'ch2_cla_l1_20240707T151936205_20240707T151944205.fits'
 'ch2_cla_l1_20240707T151944205_20240707T151952205.fits'
 'ch2_cla_l1_20240707T151952205_20240707T152000205.fits'
 'ch2_cla_l1_20240707T152000205_20240707T152008205.fits'
 'ch2_cla_l1_20240707T152008205_20240707T152016205.fits'
 'ch2_cla_l1_20240707T152016205_20240707T152024205.fits'
 'ch2_cla_l1_20240707T152024205_20240707T152032205.fits'
 'ch2_cla_l1_20240707T152032205_20240707T152040205.fits'
 'ch2_cla_l1_20240707T152040205_20240707T152048205.fits'
 'ch2_cla_l1_20240707T152048205_20240707T152056205.fits'
 'ch2_cla_l1_20240707T152056205_20240707T152104205.fits'
 'ch2_cla_l1_20240707T152104205_20240707T152112205.fits'
 'ch2_cla_l1_20240707T152112205_20240707T152120205.fits'
 'ch2_cla_l1_20240707T152120205_20240707T152128205.fits'
 'ch2_cla_l1_20240707T152128205_20240707T152136205.fits'
 'ch2_cla_l1_20240707T152136205_20240707T152144205.fits'
 'ch2_cla_l1_20240707T152144205_20240707T152152205.fits'
 'ch2_cla_l1_20240707T152152205_20240707T152200205.fits'
 'ch2_cla_l1_20240707T152200205_20240707T152208205.fits'
 'ch2_cla_l1_20240707T152208205_20240707T152216205.fits'
 'ch2_cla_l1_20240707T152216205_20240707T152224205.fits'
 'ch2_cla_l1_20240707T152224205_20240707T152232205.fits'
 'ch2_cla_l1_20240707T152232205_20240707T152240205.fits'
 'ch2_cla_l1_20240707T152240205_20240707T152248205.fits'
 'ch2_cla_l1_20240707T152248205_20240707T152256205.fits'
 'ch2_cla_l1_20240707T152256205_20240707T152304205.fits'
 'ch2_cla_l1_20240707T152304205_20240707T152312205.fits'
 'ch2_cla_l1_20240707T152312205_20240707T152320205.fits'
 'ch2_cla_l1_20240707T152320205_20240707T152328205.fits'
 'ch2_cla_l1_20240707T152328205_20240707T152336205.fits'
 'ch2_cla_l1_20240707T152336205_20240707T152344205.fits'
 'ch2_cla_l1_20240707T152344205_20240707T152352205.fits'
 'ch2_cla_l1_20240707T152352205_20240707T152400205.fits'
 'ch2_cla_l1_20240707T152400205_20240707T152408205.fits'
 'ch2_cla_l1_20240707T152408205_20240707T152416205.fits'
 'ch2_cla_l1_20240707T152416205_20240707T152424205.fits'
 'ch2_cla_l1_20240707T152424205_20240707T152432205.fits'
 'ch2_cla_l1_20240707T152432205_20240707T152440205.fits'
 'ch2_cla_l1_20240707T152440205_20240707T152448205.fits'
 'ch2_cla_l1_20240707T152448205_20240707T152456205.fits'
 'ch2_cla_l1_20240707T152456205_20240707T152504205.fits'
 'ch2_cla_l1_20240707T152504205_20240707T152512205.fits'
 'ch2_cla_l1_20240707T152512205_20240707T152520205.fits'
 'ch2_cla_l1_20240707T152520205_20240707T152528205.fits'
 'ch2_cla_l1_20240707T152528205_20240707T152536205.fits'
 'ch2_cla_l1_20240707T152536205_20240707T152544205.fits'
 'ch2_cla_l1_20240707T152544205_20240707T152552205.fits'
 'ch2_cla_l1_20240707T152552205_20240707T152600205.fits'
 'ch2_cla_l1_20240707T152600205_20240707T152608205.fits'
 'ch2_cla_l1_20240707T152608205_20240707T152616205.fits'
 'ch2_cla_l1_20240707T152616205_20240707T152624205.fits'
 'ch2_cla_l1_20240707T152624205_20240707T152632205.fits'
 'ch2_cla_l1_20240707T152632205_20240707T152640205.fits'
 'ch2_cla_l1_20240707T152640205_20240707T152648205.fits'
 'ch2_cla_l1_20240707T152648205_20240707T152656205.fits'
 'ch2_cla_l1_20240707T152656205_20240707T152704205.fits'
 'ch2_cla_l1_20240707T152704205_20240707T152712205.fits'
 'ch2_cla_l1_20240707T152712205_20240707T152720205.fits'
 'ch2_cla_l1_20240707T152720205_20240707T152728205.fits'
 'ch2_cla_l1_20240707T152728205_20240707T152736205.fits'
 'ch2_cla_l1_20240707T152736205_20240707T152744205.fits'
 'ch2_cla_l1_20240707T152744205_20240707T152752205.fits'
 'ch2_cla_l1_20240707T152752205_20240707T152800205.fits'
 'ch2_cla_l1_20240707T152800205_20240707T152808205.fits'
 'ch2_cla_l1_20240707T152808205_20240707T152816205.fits'
 'ch2_cla_l1_20240707T152816205_20240707T152824205.fits'
 'ch2_cla_l1_20240707T152824205_20240707T152832205.fits'
 'ch2_cla_l1_20240707T152832205_20240707T152840205.fits'
 'ch2_cla_l1_20240707T152840205_20240707T152848205.fits'
 'ch2_cla_l1_20240707T152848205_20240707T152856205.fits'
 'ch2_cla_l1_20240707T152856205_20240707T152904205.fits'
 'ch2_cla_l1_20240707T152904205_20240707T152912205.fits'
 'ch2_cla_l1_20240707T152912205_20240707T152920205.fits'
 'ch2_cla_l1_20240707T152920205_20240707T152928205.fits'
 'ch2_cla_l1_20240707T152928205_20240707T152936205.fits'
 'ch2_cla_l1_20240707T152936205_20240707T152944205.fits'
 'ch2_cla_l1_20240707T152944205_20240707T152952205.fits'
 'ch2_cla_l1_20240707T152952205_20240707T153000205.fits'
 'ch2_cla_l1_20240707T153000205_20240707T153008205.fits'
 'ch2_cla_l1_20240707T153008205_20240707T153016205.fits'
 'ch2_cla_l1_20240707T153016205_20240707T153024205.fits'
 'ch2_cla_l1_20240707T153024205_20240707T153032205.fits'
 'ch2_cla_l1_20240707T153032205_20240707T153040205.fits'
 'ch2_cla_l1_20240707T153040205_20240707T153048205.fits'
 'ch2_cla_l1_20240707T153048205_20240707T153056205.fits'
 'ch2_cla_l1_20240707T153056205_20240707T153104205.fits'
 'ch2_cla_l1_20240707T153104205_20240707T153112205.fits'
 'ch2_cla_l1_20240707T153112205_20240707T153120205.fits'
 'ch2_cla_l1_20240707T153120205_20240707T153128205.fits'
 'ch2_cla_l1_20240707T153128205_20240707T153136205.fits'
 'ch2_cla_l1_20240707T153136205_20240707T153144205.fits'
 'ch2_cla_l1_20240707T153144205_20240707T153152205.fits'
 'ch2_cla_l1_20240707T153152205_20240707T153200205.fits'
 'ch2_cla_l1_20240707T153200205_20240707T153208205.fits'
 'ch2_cla_l1_20240707T153208205_20240707T153216205.fits'
 'ch2_cla_l1_20240707T153216205_20240707T153224205.fits'
 'ch2_cla_l1_20240707T153224205_20240707T153232205.fits'
 'ch2_cla_l1_20240707T153232205_20240707T153240205.fits'
 'ch2_cla_l1_20240707T153240205_20240707T153248205.fits'
 'ch2_cla_l1_20240707T153248205_20240707T153256205.fits'
 'ch2_cla_l1_20240707T153256205_20240707T153304205.fits'
 'ch2_cla_l1_20240707T153304205_20240707T153312205.fits'
 'ch2_cla_l1_20240707T153312205_20240707T153320205.fits'
 'ch2_cla_l1_20240707T153320205_20240707T153328205.fits'
 'ch2_cla_l1_20240707T153328205_20240707T153336205.fits'
 'ch2_cla_l1_20240707T153336205_20240707T153344205.fits'
 'ch2_cla_l1_20240707T153344205_20240707T153352205.fits'
 'ch2_cla_l1_20240707T153352205_20240707T153400205.fits'
 'ch2_cla_l1_20240707T153400205_20240707T153408205.fits'
 'ch2_cla_l1_20240707T153408205_20240707T153416205.fits'
 'ch2_cla_l1_20240707T153416205_20240707T153424205.fits'
 'ch2_cla_l1_20240707T153424205_20240707T153432205.fits'
 'ch2_cla_l1_20240707T153432205_20240707T153440205.fits'
 'ch2_cla_l1_20240707T153440205_20240707T153448205.fits'
 'ch2_cla_l1_20240707T153448205_20240707T153456205.fits'
 'ch2_cla_l1_20240707T153456205_20240707T153504205.fits'
 'ch2_cla_l1_20240707T153504205_20240707T153512205.fits'
 'ch2_cla_l1_20240707T153512205_20240707T153520205.fits'
 'ch2_cla_l1_20240707T153520205_20240707T153528205.fits'
 'ch2_cla_l1_20240707T153528205_20240707T153536205.fits'
 'ch2_cla_l1_20240707T153536205_20240707T153544205.fits'
 'ch2_cla_l1_20240707T153544205_20240707T153552205.fits'
 'ch2_cla_l1_20240707T153552205_20240707T153600205.fits'
 'ch2_cla_l1_20240707T153600205_20240707T153608205.fits'
 'ch2_cla_l1_20240707T153608205_20240707T153616205.fits'
 'ch2_cla_l1_20240707T153616205_20240707T153624205.fits'
 'ch2_cla_l1_20240707T153624205_20240707T153632205.fits'
 'ch2_cla_l1_20240707T153632205_20240707T153640205.fits'
 'ch2_cla_l1_20240707T153640205_20240707T153648205.fits'
 'ch2_cla_l1_20240707T153648205_20240707T153656205.fits'
 'ch2_cla_l1_20240707T153656205_20240707T153704205.fits'
 'ch2_cla_l1_20240707T153704205_20240707T153712205.fits'
 'ch2_cla_l1_20240707T153712205_20240707T153720205.fits'
 'ch2_cla_l1_20240707T153720205_20240707T153728205.fits'
 'ch2_cla_l1_20240707T153728205_20240707T153736205.fits'
 'ch2_cla_l1_20240707T153736205_20240707T153744205.fits'
 'ch2_cla_l1_20240707T153744205_20240707T153752205.fits'
 'ch2_cla_l1_20240707T153752205_20240707T153800205.fits']","['ch2_cla_l1_20240707T021006240_20240707T021014240.fits'
 'ch2_cla_l1_20240707T143224205_20240707T143232205.fits'
 'ch2_cla_l1_20240707T143232205_20240707T143240205.fits'
 'ch2_cla_l1_20240707T143240205_20240707T143248205.fits'
 'ch2_cla_l1_20240707T143248205_20240707T143256205.fits'
 'ch2_cla_l1_20240707T143256205_20240707T143304205.fits'
 'ch2_cla_l1_20240707T143304205_20240707T143312205.fits'
 'ch2_cla_l1_20240707T143312205_20240707T143320205.fits'
 'ch2_cla_l1_20240707T143320205_20240707T143328205.fits'
 'ch2_cla_l1_20240707T143328205_20240707T143336205.fits'
 'ch2_cla_l1_20240707T143336205_20240707T143344205.fits'
 'ch2_cla_l1_20240707T143344205_20240707T143352205.fits'
 'ch2_cla_l1_20240707T143352205_20240707T143400205.fits'
 'ch2_cla_l1_20240707T143400205_20240707T143408205.fits'
 'ch2_cla_l1_20240707T143408205_20240707T143416205.fits'
 'ch2_cla_l1_20240707T143416205_20240707T143424205.fits'
 'ch2_cla_l1_20240707T143424205_20240707T143432205.fits'
 'ch2_cla_l1_20240707T143432205_20240707T143440205.fits'
 'ch2_cla_l1_20240707T143440205_20240707T143448205.fits'
 'ch2_cla_l1_20240707T143448205_20240707T143456205.fits'
 'ch2_cla_l1_20240707T143456205_20240707T143504205.fits'
 'ch2_cla_l1_20240707T143504205_20240707T143512205.fits'
 'ch2_cla_l1_20240707T143512205_20240707T143520205.fits'
 'ch2_cla_l1_20240707T143520205_20240707T143528205.fits'
 'ch2_cla_l1_20240707T143528205_20240707T143536205.fits'
 'ch2_cla_l1_20240707T143536205_20240707T143544205.fits'
 'ch2_cla_l1_20240707T143544205_20240707T143552205.fits'
 'ch2_cla_l1_20240707T143552205_20240707T143600205.fits'
 'ch2_cla_l1_20240707T143600205_20240707T143608205.fits'
 'ch2_cla_l1_20240707T143608205_20240707T143616205.fits'
 'ch2_cla_l1_20240707T143616205_20240707T143624205.fits'
 'ch2_cla_l1_20240707T143624205_20240707T143632205.fits'
 'ch2_cla_l1_20240707T143632205_20240707T143640205.fits'
 'ch2_cla_l1_20240707T143640205_20240707T143648205.fits'
 'ch2_cla_l1_20240707T143648205_20240707T143656205.fits'
 'ch2_cla_l1_20240707T143656205_20240707T143704205.fits'
 'ch2_cla_l1_20240707T143704205_20240707T143712205.fits'
 'ch2_cla_l1_20240707T143712205_20240707T143720205.fits'
 'ch2_cla_l1_20240707T143720205_20240707T143728205.fits'
 'ch2_cla_l1_20240707T143728205_20240707T143736205.fits'
 'ch2_cla_l1_20240707T143736205_20240707T143744205.fits'
 'ch2_cla_l1_20240707T143744205_20240707T143752205.fits'
 'ch2_cla_l1_20240707T143752205_20240707T143800205.fits'
 'ch2_cla_l1_20240707T143800205_20240707T143808205.fits'
 'ch2_cla_l1_20240707T143808205_20240707T143816205.fits'
 'ch2_cla_l1_20240707T143816205_20240707T143824205.fits'
 'ch2_cla_l1_20240707T143824205_20240707T143832205.fits'
 'ch2_cla_l1_20240707T153824205_20240707T153832205.fits'
 'ch2_cla_l1_20240707T153832205_20240707T153840205.fits'
 'ch2_cla_l1_20240707T153840205_20240707T153848205.fits'
 'ch2_cla_l1_20240707T153848205_20240707T153856205.fits'
 'ch2_cla_l1_20240707T153856205_20240707T153904205.fits'
 'ch2_cla_l1_20240707T153904205_20240707T153912205.fits'
 'ch2_cla_l1_20240707T153912205_20240707T153920205.fits'
 'ch2_cla_l1_20240707T153920205_20240707T153928205.fits'
 'ch2_cla_l1_20240707T153928205_20240707T153936205.fits'
 'ch2_cla_l1_20240707T153936205_20240707T153944205.fits'
 'ch2_cla_l1_20240707T153944205_20240707T153952205.fits'
 'ch2_cla_l1_20240707T153952205_20240707T154000205.fits'
 'ch2_cla_l1_20240707T154000205_20240707T154008205.fits'
 'ch2_cla_l1_20240707T154008205_20240707T154016205.fits'
 'ch2_cla_l1_20240707T154016205_20240707T154024205.fits'
 'ch2_cla_l1_20240707T154024205_20240707T154032205.fits'
 'ch2_cla_l1_20240707T154032205_20240707T154040205.fits'
 'ch2_cla_l1_20240707T154040205_20240707T154048205.fits'
 'ch2_cla_l1_20240707T154048205_20240707T154056205.fits'
 'ch2_cla_l1_20240707T154056205_20240707T154104205.fits'
 'ch2_cla_l1_20240707T154104205_20240707T154112205.fits'
 'ch2_cla_l1_20240707T154112205_20240707T154120205.fits'
 'ch2_cla_l1_20240707T154120205_20240707T154128205.fits'
 'ch2_cla_l1_20240707T154128205_20240707T154136205.fits'
 'ch2_cla_l1_20240707T154136205_20240707T154144205.fits'
 'ch2_cla_l1_20240707T154144205_20240707T154152205.fits'
 'ch2_cla_l1_20240707T154152205_20240707T154200205.fits'
 'ch2_cla_l1_20240707T154200205_20240707T154208205.fits'
 'ch2_cla_l1_20240707T154208205_20240707T154216205.fits'
 'ch2_cla_l1_20240707T154216205_20240707T154224205.fits'
 'ch2_cla_l1_20240707T154224205_20240707T154232205.fits'
 'ch2_cla_l1_20240707T154232205_20240707T154240205.fits'
 'ch2_cla_l1_20240707T154240205_20240707T154248205.fits'
 'ch2_cla_l1_20240707T154248205_20240707T154256205.fits'
 'ch2_cla_l1_20240707T154256205_20240707T154304205.fits'
 'ch2_cla_l1_20240707T154304205_20240707T154312205.fits'
 'ch2_cla_l1_20240707T154312205_20240707T154320205.fits'
 'ch2_cla_l1_20240707T154320205_20240707T154328205.fits'
 'ch2_cla_l1_20240707T154328205_20240707T154336205.fits'
 'ch2_cla_l1_20240707T154336205_20240707T154344205.fits'
 'ch2_cla_l1_20240707T154344205_20240707T154352205.fits'
 'ch2_cla_l1_20240707T154352205_20240707T154400205.fits'
 'ch2_cla_l1_20240707T154400205_20240707T154408205.fits'
 'ch2_cla_l1_20240707T154408205_20240707T154416205.fits'
 'ch2_cla_l1_20240707T154416205_20240707T154424205.fits'
 'ch2_cla_l1_20240707T154424205_20240707T154432205.fits'
 'ch2_cla_l1_20240707T154432205_20240707T154440205.fits'
 'ch2_cla_l1_20240707T154440205_20240707T154448205.fits'
 'ch2_cla_l1_20240707T154448205_20240707T154456205.fits'
 'ch2_cla_l1_20240707T154456205_20240707T154504205.fits'
 'ch2_cla_l1_20240707T154504205_20240707T154512205.fits'
 'ch2_cla_l1_20240707T154512205_20240707T154520205.fits'
 'ch2_cla_l1_20240707T154520205_20240707T154528205.fits'
 'ch2_cla_l1_20240707T154528205_20240707T154536205.fits'
 'ch2_cla_l1_20240707T154536205_20240707T154544205.fits'
 'ch2_cla_l1_20240707T154544205_20240707T154552205.fits'
 'ch2_cla_l1_20240707T154552205_20240707T154600205.fits'
 'ch2_cla_l1_20240707T154600205_20240707T154608205.fits']"
"['ch2_cla_l1_20240707T183158408_20240707T183206408.fits'
 'ch2_cla_l1_20240707T183206408_20240707T183214408.fits'
 'ch2_cla_l1_20240707T183214408_20240707T183222408.fits'
 'ch2_cla_l1_20240707T183222408_20240707T183230408.fits'
 'ch2_cla_l1_20240707T183230408_20240707T183238408.fits'
 'ch2_cla_l1_20240707T183238408_20240707T183246408.fits'
 'ch2_cla_l1_20240707T183246408_20240707T183254408.fits'
 'ch2_cla_l1_20240707T183254408_20240707T183302408.fits'
 'ch2_cla_l1_20240707T183302408_20240707T183310408.fits'
 'ch2_cla_l1_20240707T183310408_20240707T183318408.fits'
 'ch2_cla_l1_20240707T183318408_20240707T183326408.fits'
 'ch2_cla_l1_20240707T183326408_20240707T183334408.fits'
 'ch2_cla_l1_20240707T183334408_20240707T183342408.fits'
 'ch2_cla_l1_20240707T183342408_20240707T183350408.fits'
 'ch2_cla_l1_20240707T183350408_20240707T183358408.fits'
 'ch2_cla_l1_20240707T183358408_20240707T183406408.fits'
 'ch2_cla_l1_20240707T183406408_20240707T183414408.fits'
 'ch2_cla_l1_20240707T183414408_20240707T183422408.fits'
 'ch2_cla_l1_20240707T183422408_20240707T183430408.fits'
 'ch2_cla_l1_20240707T183430408_20240707T183438408.fits'
 'ch2_cla_l1_20240707T183438408_20240707T183446408.fits'
 'ch2_cla_l1_20240707T183446408_20240707T183454408.fits'
 'ch2_cla_l1_20240707T183454408_20240707T183502408.fits'
 'ch2_cla_l1_20240707T183502408_20240707T183510408.fits'
 'ch2_cla_l1_20240707T183510408_20240707T183518408.fits'
 'ch2_cla_l1_20240707T183518408_20240707T183526408.fits'
 'ch2_cla_l1_20240707T183526408_20240707T183534408.fits'
 'ch2_cla_l1_20240707T183534408_20240707T183542408.fits'
 'ch2_cla_l1_20240707T183542408_20240707T183550408.fits'
 'ch2_cla_l1_20240707T183550408_20240707T183558408.fits'
 'ch2_cla_l1_20240707T183558408_20240707T183606408.fits'
 'ch2_cla_l1_20240707T183606408_20240707T183614408.fits'
 'ch2_cla_l1_20240707T183614408_20240707T183622408.fits'
 'ch2_cla_l1_20240707T183622408_20240707T183630408.fits'
 'ch2_cla_l1_20240707T183630408_20240707T183638408.fits'
 'ch2_cla_l1_20240707T183638408_20240707T183646408.fits'
 'ch2_cla_l1_20240707T183646408_20240707T183654408.fits'
 'ch2_cla_l1_20240707T183654408_20240707T183702408.fits'
 'ch2_cla_l1_20240707T183702408_20240707T183710408.fits'
 'ch2_cla_l1_20240707T183710408_20240707T183718408.fits'
 'ch2_cla_l1_20240707T183718408_20240707T183726408.fits'
 'ch2_cla_l1_20240707T183726408_20240707T183734408.fits'
 'ch2_cla_l1_20240707T183734408_20240707T183742408.fits'
 'ch2_cla_l1_20240707T183742408_20240707T183750408.fits'
 'ch2_cla_l1_20240707T183750408_20240707T183758408.fits'
 'ch2_cla_l1_20240707T183758408_20240707T183806408.fits'
 'ch2_cla_l1_20240707T183806408_20240707T183814408.fits'
 'ch2_cla_l1_20240707T183814408_20240707T183822408.fits'
 'ch2_cla_l1_20240707T183822408_20240707T183830408.fits'
 'ch2_cla_l1_20240707T183830408_20240707T183838408.fits'
 'ch2_cla_l1_20240707T183838408_20240707T183846408.fits'
 'ch2_cla_l1_20240707T183846408_20240707T183854408.fits'
 'ch2_cla_l1_20240707T183854408_20240707T183902408.fits'
 'ch2_cla_l1_20240707T183902408_20240707T183910408.fits'
 'ch2_cla_l1_20240707T183910408_20240707T183918408.fits'
 'ch2_cla_l1_20240707T183918408_20240707T183926408.fits'
 'ch2_cla_l1_20240707T183926408_20240707T183934408.fits'
 'ch2_cla_l1_20240707T183934408_20240707T183942408.fits'
 'ch2_cla_l1_20240707T183942408_20240707T183950408.fits'
 'ch2_cla_l1_20240707T183950408_20240707T183958408.fits'
 'ch2_cla_l1_20240707T183958408_20240707T184006408.fits'
 'ch2_cla_l1_20240707T184006408_20240707T184014408.fits'
 'ch2_cla_l1_20240707T184014408_20240707T184022408.fits'
 'ch2_cla_l1_20240707T184022408_20240707T184030408.fits'
 'ch2_cla_l1_20240707T184030408_20240707T184038408.fits'
 'ch2_cla_l1_20240707T184038408_20240707T184046408.fits'
 'ch2_cla_l1_20240707T184046408_20240707T184054408.fits'
 'ch2_cla_l1_20240707T184054408_20240707T184102408.fits'
 'ch2_cla_l1_20240707T184102408_20240707T184110408.fits'
 'ch2_cla_l1_20240707T184110408_20240707T184118408.fits'
 'ch2_cla_l1_20240707T184118408_20240707T184126408.fits'
 'ch2_cla_l1_20240707T184126408_20240707T184134408.fits'
 'ch2_cla_l1_20240707T184134408_20240707T184142408.fits'
 'ch2_cla_l1_20240707T184142408_20240707T184150408.fits'
 'ch2_cla_l1_20240707T184150408_20240707T184158408.fits'
 'ch2_cla_l1_20240707T184158408_20240707T184206408.fits'
 'ch2_cla_l1_20240707T184206408_20240707T184214408.fits'
 'ch2_cla_l1_20240707T184214408_20240707T184222408.fits'
 'ch2_cla_l1_20240707T184222408_20240707T184230408.fits'
 'ch2_cla_l1_20240707T184230408_20240707T184238408.fits'
 'ch2_cla_l1_20240707T184238408_20240707T184246408.fits'
 'ch2_cla_l1_20240707T184246408_20240707T184254408.fits'
 'ch2_cla_l1_20240707T184254408_20240707T184302408.fits'
 'ch2_cla_l1_20240707T184302408_20240707T184310408.fits'
 'ch2_cla_l1_20240707T184310408_20240707T184318408.fits'
 'ch2_cla_l1_20240707T184318408_20240707T184326408.fits'
 'ch2_cla_l1_20240707T184326408_20240707T184334408.fits'
 'ch2_cla_l1_20240707T184334408_20240707T184342408.fits'
 'ch2_cla_l1_20240707T184342408_20240707T184350408.fits'
 'ch2_cla_l1_20240707T184350408_20240707T184358408.fits'
 'ch2_cla_l1_20240707T184358408_20240707T184406408.fits'
 'ch2_cla_l1_20240707T184406408_20240707T184414408.fits'
 'ch2_cla_l1_20240707T184414408_20240707T184422408.fits'
 'ch2_cla_l1_20240707T184422408_20240707T184430408.fits'
 'ch2_cla_l1_20240707T184430408_20240707T184438408.fits'
 'ch2_cla_l1_20240707T184438408_20240707T184446408.fits'
 'ch2_cla_l1_20240707T184446408_20240707T184454408.fits'
 'ch2_cla_l1_20240707T184454408_20240707T184502408.fits'
 'ch2_cla_l1_20240707T184502408_20240707T184510408.fits'
 'ch2_cla_l1_20240707T184510408_20240707T184518408.fits'
 'ch2_cla_l1_20240707T184518408_20240707T184526408.fits'
 'ch2_cla_l1_20240707T184526408_20240707T184534408.fits'
 'ch2_cla_l1_20240707T184534408_20240707T184542408.fits'
 'ch2_cla_l1_20240707T184542408_20240707T184550408.fits'
 'ch2_cla_l1_20240707T184550408_20240707T184558408.fits'
 'ch2_cla_l1_20240707T184558408_20240707T184606408.fits'
 'ch2_cla_l1_20240707T184606408_20240707T184614408.fits'
 'ch2_cla_l1_20240707T184614408_20240707T184622408.fits'
 'ch2_cla_l1_20240707T184622408_20240707T184630408.fits'
 'ch2_cla_l1_20240707T184630408_20240707T184638408.fits'
 'ch2_cla_l1_20240707T184638408_20240707T184646408.fits'
 'ch2_cla_l1_20240707T184646408_20240707T184654408.fits'
 'ch2_cla_l1_20240707T184654408_20240707T184702408.fits'
 'ch2_cla_l1_20240707T184702408_20240707T184710408.fits'
 'ch2_cla_l1_20240707T184710408_20240707T184718408.fits'
 'ch2_cla_l1_20240707T184718408_20240707T184726408.fits'
 'ch2_cla_l1_20240707T184726408_20240707T184734408.fits'
 'ch2_cla_l1_20240707T184734408_20240707T184742408.fits'
 'ch2_cla_l1_20240707T184742408_20240707T184750408.fits'
 'ch2_cla_l1_20240707T184750408_20240707T184758408.fits'
 'ch2_cla_l1_20240707T184758408_20240707T184806408.fits'
 'ch2_cla_l1_20240707T184806408_20240707T184814408.fits'
 'ch2_cla_l1_20240707T184814408_20240707T184822408.fits'
 'ch2_cla_l1_20240707T184822408_20240707T184830408.fits'
 'ch2_cla_l1_20240707T184830408_20240707T184838408.fits'
 'ch2_cla_l1_20240707T184838408_20240707T184846408.fits'
 'ch2_cla_l1_20240707T184846408_20240707T184854408.fits'
 'ch2_cla_l1_20240707T184854408_20240707T184902408.fits'
 'ch2_cla_l1_20240707T184902408_20240707T184910408.fits'
 'ch2_cla_l1_20240707T184910408_20240707T184918408.fits'
 'ch2_cla_l1_20240707T184918408_20240707T184926408.fits'
 'ch2_cla_l1_20240707T184926408_20240707T184934408.fits'
 'ch2_cla_l1_20240707T184934408_20240707T184942408.fits'
 'ch2_cla_l1_20240707T184942408_20240707T184950408.fits'
 'ch2_cla_l1_20240707T184950408_20240707T184958408.fits'
 'ch2_cla_l1_20240707T184958408_20240707T185006408.fits'
 'ch2_cla_l1_20240707T185006408_20240707T185014408.fits'
 'ch2_cla_l1_20240707T185014408_20240707T185022408.fits'
 'ch2_cla_l1_20240707T185022408_20240707T185030408.fits'
 'ch2_cla_l1_20240707T185030408_20240707T185038408.fits'
 'ch2_cla_l1_20240707T185038408_20240707T185046408.fits'
 'ch2_cla_l1_20240707T185046408_20240707T185054408.fits'
 'ch2_cla_l1_20240707T185054408_20240707T185102408.fits'
 'ch2_cla_l1_20240707T185102408_20240707T185110408.fits'
 'ch2_cla_l1_20240707T185110408_20240707T185118408.fits'
 'ch2_cla_l1_20240707T185118408_20240707T185126408.fits'
 'ch2_cla_l1_20240707T185126408_20240707T185134408.fits'
 'ch2_cla_l1_20240707T185134408_20240707T185142408.fits'
 'ch2_cla_l1_20240707T185142408_20240707T185150408.fits'
 'ch2_cla_l1_20240707T185150408_20240707T185158408.fits'
 'ch2_cla_l1_20240707T185158408_20240707T185206408.fits'
 'ch2_cla_l1_20240707T185206408_20240707T185214408.fits'
 'ch2_cla_l1_20240707T185214408_20240707T185222408.fits'
 'ch2_cla_l1_20240707T185222408_20240707T185230408.fits'
 'ch2_cla_l1_20240707T185230408_20240707T185238408.fits'
 'ch2_cla_l1_20240707T185238408_20240707T185246408.fits'
 'ch2_cla_l1_20240707T185246408_20240707T185254408.fits'
 'ch2_cla_l1_20240707T185254408_20240707T185302408.fits'
 'ch2_cla_l1_20240707T185302408_20240707T185310408.fits'
 'ch2_cla_l1_20240707T185310408_20240707T185318408.fits'
 'ch2_cla_l1_20240707T185318408_20240707T185326408.fits'
 'ch2_cla_l1_20240707T185326408_20240707T185334408.fits'
 'ch2_cla_l1_20240707T185334408_20240707T185342408.fits'
 'ch2_cla_l1_20240707T185342408_20240707T185350408.fits'
 'ch2_cla_l1_20240707T185350408_20240707T185358408.fits'
 'ch2_cla_l1_20240707T185358408_20240707T185406408.fits'
 'ch2_cla_l1_20240707T185406408_20240707T185414408.fits'
 'ch2_cla_l1_20240707T185414408_20240707T185422408.fits'
 'ch2_cla_l1_20240707T185422408_20240707T185430408.fits'
 'ch2_cla_l1_20240707T185430408_20240707T185438408.fits'
 'ch2_cla_l1_20240707T185438408_20240707T185446408.fits'
 'ch2_cla_l1_20240707T185446408_20240707T185454408.fits'
 'ch2_cla_l1_20240707T185454408_20240707T185502408.fits'
 'ch2_cla_l1_20240707T185502408_20240707T185510408.fits'
 'ch2_cla_l1_20240707T185510408_20240707T185518408.fits'
 'ch2_cla_l1_20240707T185518408_20240707T185526408.fits'
 'ch2_cla_l1_20240707T185526408_20240707T185534408.fits'
 'ch2_cla_l1_20240707T185534408_20240707T185542408.fits'
 'ch2_cla_l1_20240707T185542408_20240707T185550408.fits'
 'ch2_cla_l1_20240707T185550408_20240707T185558408.fits'
 'ch2_cla_l1_20240707T185558408_20240707T185606408.fits'
 'ch2_cla_l1_20240707T185606408_20240707T185614408.fits'
 'ch2_cla_l1_20240707T185614408_20240707T185622408.fits'
 'ch2_cla_l1_20240707T185622408_20240707T185630408.fits'
 'ch2_cla_l1_20240707T185630408_20240707T185638408.fits'
 'ch2_cla_l1_20240707T185638408_20240707T185646408.fits'
 'ch2_cla_l1_20240707T185646408_20240707T185654408.fits'
 'ch2_cla_l1_20240707T185654408_20240707T185702408.fits'
 'ch2_cla_l1_20240707T185702408_20240707T185710408.fits'
 'ch2_cla_l1_20240707T185710408_20240707T185718408.fits'
 'ch2_cla_l1_20240707T185718408_20240707T185726408.fits'
 'ch2_cla_l1_20240707T185726408_20240707T185734408.fits'
 'ch2_cla_l1_20240707T185734408_20240707T185742408.fits'
 'ch2_cla_l1_20240707T185742408_20240707T185750408.fits'
 'ch2_cla_l1_20240707T185750408_20240707T185758408.fits'
 'ch2_cla_l1_20240707T185758408_20240707T185806408.fits'
 'ch2_cla_l1_20240707T185806408_20240707T185814408.fits'
 'ch2_cla_l1_20240707T185814408_20240707T185822408.fits'
 'ch2_cla_l1_20240707T185822408_20240707T185830408.fits'
 'ch2_cla_l1_20240707T185830408_20240707T185838408.fits'
 'ch2_cla_l1_20240707T185838408_20240707T185846408.fits'
 'ch2_cla_l1_20240707T185846408_20240707T185854408.fits'
 'ch2_cla_l1_20240707T185854408_20240707T185902408.fits'
 'ch2_cla_l1_20240707T185902408_20240707T185910408.fits'
 'ch2_cla_l1_20240707T185910408_20240707T185918408.fits'
 'ch2_cla_l1_20240707T185918408_20240707T185926408.fits'
 'ch2_cla_l1_20240707T185926408_20240707T185934408.fits'
 'ch2_cla_l1_20240707T185934408_20240707T185942408.fits'
 'ch2_cla_l1_20240707T185942408_20240707T185950408.fits'
 'ch2_cla_l1_20240707T185950408_20240707T185958408.fits'
 'ch2_cla_l1_20240707T185958408_20240707T190006408.fits'
 'ch2_cla_l1_20240707T190006408_20240707T190014408.fits'
 'ch2_cla_l1_20240707T190014408_20240707T190022408.fits'
 'ch2_cla_l1_20240707T190022408_20240707T190030408.fits'
 'ch2_cla_l1_20240707T190030408_20240707T190038408.fits'
 'ch2_cla_l1_20240707T190038408_20240707T190046408.fits'
 'ch2_cla_l1_20240707T190046408_20240707T190054408.fits'
 'ch2_cla_l1_20240707T190054408_20240707T190102408.fits'
 'ch2_cla_l1_20240707T190102408_20240707T190110408.fits'
 'ch2_cla_l1_20240707T190110408_20240707T190118408.fits'
 'ch2_cla_l1_20240707T190118408_20240707T190126408.fits'
 'ch2_cla_l1_20240707T190126408_20240707T190134408.fits'
 'ch2_cla_l1_20240707T190134408_20240707T190142408.fits'
 'ch2_cla_l1_20240707T190142408_20240707T190150408.fits'
 'ch2_cla_l1_20240707T190150408_20240707T190158408.fits'
 'ch2_cla_l1_20240707T190158408_20240707T190206408.fits'
 'ch2_cla_l1_20240707T190206408_20240707T190214408.fits'
 'ch2_cla_l1_20240707T190214408_20240707T190222408.fits'
 'ch2_cla_l1_20240707T190222408_20240707T190230408.fits'
 'ch2_cla_l1_20240707T190230408_20240707T190238408.fits'
 'ch2_cla_l1_20240707T190238408_20240707T190246408.fits'
 'ch2_cla_l1_20240707T190246408_20240707T190254408.fits'
 'ch2_cla_l1_20240707T190254408_20240707T190302408.fits'
 'ch2_cla_l1_20240707T190302408_20240707T190310408.fits'
 'ch2_cla_l1_20240707T190310408_20240707T190318408.fits'
 'ch2_cla_l1_20240707T190318408_20240707T190326408.fits'
 'ch2_cla_l1_20240707T190326408_20240707T190334408.fits'
 'ch2_cla_l1_20240707T190334408_20240707T190342408.fits'
 'ch2_cla_l1_20240707T190342408_20240707T190350408.fits'
 'ch2_cla_l1_20240707T190350408_20240707T190358408.fits'
 'ch2_cla_l1_20240707T190358408_20240707T190406408.fits'
 'ch2_cla_l1_20240707T190406408_20240707T190414408.fits'
 'ch2_cla_l1_20240707T190414408_20240707T190422408.fits'
 'ch2_cla_l1_20240707T190422408_20240707T190430408.fits'
 'ch2_cla_l1_20240707T190430408_20240707T190438408.fits'
 'ch2_cla_l1_20240707T190438408_20240707T190446408.fits'
 'ch2_cla_l1_20240707T190446408_20240707T190454408.fits'
 'ch2_cla_l1_20240707T190454408_20240707T190502408.fits'
 'ch2_cla_l1_20240707T190502408_20240707T190510408.fits'
 'ch2_cla_l1_20240707T190510408_20240707T190518408.fits'
 'ch2_cla_l1_20240707T190518408_20240707T190526408.fits'
 'ch2_cla_l1_20240707T190526408_20240707T190534408.fits'
 'ch2_cla_l1_20240707T190534408_20240707T190542408.fits'
 'ch2_cla_l1_20240707T190542408_20240707T190550408.fits'
 'ch2_cla_l1_20240707T190550408_20240707T190558408.fits'
 'ch2_cla_l1_20240707T190558408_20240707T190606408.fits'
 'ch2_cla_l1_20240707T190606408_20240707T190614408.fits'
 'ch2_cla_l1_20240707T190614408_20240707T190622408.fits'
 'ch2_cla_l1_20240707T190622408_20240707T190630408.fits'
 'ch2_cla_l1_20240707T190630408_20240707T190638408.fits'
 'ch2_cla_l1_20240707T190638408_20240707T190646408.fits'
 'ch2_cla_l1_20240707T190646408_20240707T190654408.fits'
 'ch2_cla_l1_20240707T190654408_20240707T190702408.fits'
 'ch2_cla_l1_20240707T190702408_20240707T190710408.fits'
 'ch2_cla_l1_20240707T190710408_20240707T190718408.fits'
 'ch2_cla_l1_20240707T190718408_20240707T190726408.fits'
 'ch2_cla_l1_20240707T190726408_20240707T190734408.fits'
 'ch2_cla_l1_20240707T190734408_20240707T190742408.fits'
 'ch2_cla_l1_20240707T190742408_20240707T190750408.fits'
 'ch2_cla_l1_20240707T190750408_20240707T190758408.fits'
 'ch2_cla_l1_20240707T190758408_20240707T190806408.fits'
 'ch2_cla_l1_20240707T190806408_20240707T190814408.fits'
 'ch2_cla_l1_20240707T190814408_20240707T190822408.fits'
 'ch2_cla_l1_20240707T190822408_20240707T190830408.fits'
 'ch2_cla_l1_20240707T190830408_20240707T190838408.fits'
 'ch2_cla_l1_20240707T190838408_20240707T190846408.fits'
 'ch2_cla_l1_20240707T190846408_20240707T190854408.fits'
 'ch2_cla_l1_20240707T190854408_20240707T190902408.fits'
 'ch2_cla_l1_20240707T190902408_20240707T190910408.fits'
 'ch2_cla_l1_20240707T190910408_20240707T190918408.fits'
 'ch2_cla_l1_20240707T190918408_20240707T190926408.fits'
 'ch2_cla_l1_20240707T190926408_20240707T190934408.fits'
 'ch2_cla_l1_20240707T190934408_20240707T190942408.fits'
 'ch2_cla_l1_20240707T190942408_20240707T190950408.fits'
 'ch2_cla_l1_20240707T190950408_20240707T190958408.fits'
 'ch2_cla_l1_20240707T190958408_20240707T191006408.fits'
 'ch2_cla_l1_20240707T191006408_20240707T191014408.fits'
 'ch2_cla_l1_20240707T191014408_20240707T191022408.fits'
 'ch2_cla_l1_20240707T191022408_20240707T191030408.fits'
 'ch2_cla_l1_20240707T191030408_20240707T191038408.fits'
 'ch2_cla_l1_20240707T191038408_20240707T191046408.fits'
 'ch2_cla_l1_20240707T191046408_20240707T191054408.fits'
 'ch2_cla_l1_20240707T191054408_20240707T191102408.fits'
 'ch2_cla_l1_20240707T191102408_20240707T191110408.fits'
 'ch2_cla_l1_20240707T191110408_20240707T191118408.fits'
 'ch2_cla_l1_20240707T191118408_20240707T191126408.fits'
 'ch2_cla_l1_20240707T191126408_20240707T191134408.fits'
 'ch2_cla_l1_20240707T191134408_20240707T191142408.fits'
 'ch2_cla_l1_20240707T191142408_20240707T191150408.fits'
 'ch2_cla_l1_20240707T191150408_20240707T191158408.fits'
 'ch2_cla_l1_20240707T191158408_20240707T191206408.fits'
 'ch2_cla_l1_20240707T191206408_20240707T191214408.fits'
 'ch2_cla_l1_20240707T191214408_20240707T191222408.fits'
 'ch2_cla_l1_20240707T191222408_20240707T191230408.fits'
 'ch2_cla_l1_20240707T191230408_20240707T191238408.fits'
 'ch2_cla_l1_20240707T191238408_20240707T191246408.fits'
 'ch2_cla_l1_20240707T191246408_20240707T191254408.fits'
 'ch2_cla_l1_20240707T191254408_20240707T191302408.fits'
 'ch2_cla_l1_20240707T191302408_20240707T191310408.fits'
 'ch2_cla_l1_20240707T191310408_20240707T191318408.fits'
 'ch2_cla_l1_20240707T191318408_20240707T191326408.fits'
 'ch2_cla_l1_20240707T191326408_20240707T191334408.fits'
 'ch2_cla_l1_20240707T191334408_20240707T191342408.fits'
 'ch2_cla_l1_20240707T191342408_20240707T191350408.fits'
 'ch2_cla_l1_20240707T191350408_20240707T191358408.fits'
 'ch2_cla_l1_20240707T191358408_20240707T191406408.fits'
 'ch2_cla_l1_20240707T191406408_20240707T191414408.fits'
 'ch2_cla_l1_20240707T191414408_20240707T191422408.fits'
 'ch2_cla_l1_20240707T191422408_20240707T191430408.fits'
 'ch2_cla_l1_20240707T191430408_20240707T191438408.fits'
 'ch2_cla_l1_20240707T191438408_20240707T191446408.fits'
 'ch2_cla_l1_20240707T191446408_20240707T191454408.fits'
 'ch2_cla_l1_20240707T191454408_20240707T191502408.fits'
 'ch2_cla_l1_20240707T191502408_20240707T191510408.fits'
 'ch2_cla_l1_20240707T191510408_20240707T191518408.fits'
 'ch2_cla_l1_20240707T191518408_20240707T191526408.fits'
 'ch2_cla_l1_20240707T191526408_20240707T191534408.fits'
 'ch2_cla_l1_20240707T191534408_20240707T191542408.fits'
 'ch2_cla_l1_20240707T191542408_20240707T191550408.fits'
 'ch2_cla_l1_20240707T191550408_20240707T191558408.fits'
 'ch2_cla_l1_20240707T191558408_20240707T191606408.fits'
 'ch2_cla_l1_20240707T191606408_20240707T191614408.fits'
 'ch2_cla_l1_20240707T191614408_20240707T191622408.fits'
 'ch2_cla_l1_20240707T191622408_20240707T191630408.fits'
 'ch2_cla_l1_20240707T191630408_20240707T191638408.fits'
 'ch2_cla_l1_20240707T191638408_20240707T191646408.fits'
 'ch2_cla_l1_20240707T191646408_20240707T191654408.fits'
 'ch2_cla_l1_20240707T191654408_20240707T191702408.fits'
 'ch2_cla_l1_20240707T191702408_20240707T191710408.fits'
 'ch2_cla_l1_20240707T191710408_20240707T191718408.fits'
 'ch2_cla_l1_20240707T191718408_20240707T191726408.fits'
 'ch2_cla_l1_20240707T191726408_20240707T191734408.fits'
 'ch2_cla_l1_20240707T191734408_20240707T191742408.fits'
 'ch2_cla_l1_20240707T191742408_20240707T191750408.fits'
 'ch2_cla_l1_20240707T191750408_20240707T191758408.fits'
 'ch2_cla_l1_20240707T191758408_20240707T191806408.fits'
 'ch2_cla_l1_20240707T191806408_20240707T191814408.fits'
 'ch2_cla_l1_20240707T191814408_20240707T191822408.fits'
 'ch2_cla_l1_20240707T191822408_20240707T191830408.fits'
 'ch2_cla_l1_20240707T191830408_20240707T191838408.fits'
 'ch2_cla_l1_20240707T191838408_20240707T191846408.fits'
 'ch2_cla_l1_20240707T191846408_20240707T191854408.fits'
 'ch2_cla_l1_20240707T191854408_20240707T191902408.fits'
 'ch2_cla_l1_20240707T191902408_20240707T191910408.fits'
 'ch2_cla_l1_20240707T191910408_20240707T191918408.fits'
 'ch2_cla_l1_20240707T191918408_20240707T191926408.fits'
 'ch2_cla_l1_20240707T191926408_20240707T191934408.fits'
 'ch2_cla_l1_20240707T191934408_20240707T191942408.fits'
 'ch2_cla_l1_20240707T191942408_20240707T191950408.fits'
 'ch2_cla_l1_20240707T191950408_20240707T191958408.fits'
 'ch2_cla_l1_20240707T191958408_20240707T192006408.fits'
 'ch2_cla_l1_20240707T192006408_20240707T192014408.fits'
 'ch2_cla_l1_20240707T192014408_20240707T192022408.fits'
 'ch2_cla_l1_20240707T192022408_20240707T192030408.fits'
 'ch2_cla_l1_20240707T192030408_20240707T192038408.fits'
 'ch2_cla_l1_20240707T192038408_20240707T192046408.fits'
 'ch2_cla_l1_20240707T192046408_20240707T192054408.fits'
 'ch2_cla_l1_20240707T192054408_20240707T192102408.fits'
 'ch2_cla_l1_20240707T192102408_20240707T192110408.fits'
 'ch2_cla_l1_20240707T192110408_20240707T192118408.fits'
 'ch2_cla_l1_20240707T192118408_20240707T192126408.fits'
 'ch2_cla_l1_20240707T192126408_20240707T192134408.fits'
 'ch2_cla_l1_20240707T192134408_20240707T192142408.fits'
 'ch2_cla_l1_20240707T192142408_20240707T192150408.fits'
 'ch2_cla_l1_20240707T192150408_20240707T192158408.fits'
 'ch2_cla_l1_20240707T192158408_20240707T192206408.fits'
 'ch2_cla_l1_20240707T192206408_20240707T192214408.fits'
 'ch2_cla_l1_20240707T192214408_20240707T192222408.fits'
 'ch2_cla_l1_20240707T192222408_20240707T192230408.fits'
 'ch2_cla_l1_20240707T192230408_20240707T192238408.fits'
 'ch2_cla_l1_20240707T192238408_20240707T192246408.fits'
 'ch2_cla_l1_20240707T192246408_20240707T192254408.fits'
 'ch2_cla_l1_20240707T192254408_20240707T192302408.fits'
 'ch2_cla_l1_20240707T192302408_20240707T192310408.fits'
 'ch2_cla_l1_20240707T192310408_20240707T192318408.fits'
 'ch2_cla_l1_20240707T192318408_20240707T192326408.fits'
 'ch2_cla_l1_20240707T192326408_20240707T192334408.fits'
 'ch2_cla_l1_20240707T192334408_20240707T192342408.fits'
 'ch2_cla_l1_20240707T192342408_20240707T192350408.fits'
 'ch2_cla_l1_20240707T192350408_20240707T192358408.fits'
 'ch2_cla_l1_20240707T192358408_20240707T192406408.fits'
 'ch2_cla_l1_20240707T192406408_20240707T192414408.fits'
 'ch2_cla_l1_20240707T192414408_20240707T192422408.fits'
 'ch2_cla_l1_20240707T192422408_20240707T192430408.fits'
 'ch2_cla_l1_20240707T192430408_20240707T192438408.fits'
 'ch2_cla_l1_20240707T192438408_20240707T192446408.fits'
 'ch2_cla_l1_20240707T192446408_20240707T192454408.fits'
 'ch2_cla_l1_20240707T192454408_20240707T192502408.fits'
 'ch2_cla_l1_20240707T192502408_20240707T192510408.fits'
 'ch2_cla_l1_20240707T192510408_20240707T192518408.fits'
 'ch2_cla_l1_20240707T192518408_20240707T192526408.fits'
 'ch2_cla_l1_20240707T192526408_20240707T192534408.fits'
 'ch2_cla_l1_20240707T192534408_20240707T192542408.fits'
 'ch2_cla_l1_20240707T192542408_20240707T192550408.fits'
 'ch2_cla_l1_20240707T192550408_20240707T192558408.fits'
 'ch2_cla_l1_20240707T192558408_20240707T192606408.fits'
 'ch2_cla_l1_20240707T192606408_20240707T192614408.fits'
 'ch2_cla_l1_20240707T192614408_20240707T192622408.fits'
 'ch2_cla_l1_20240707T192622408_20240707T192630408.fits'
 'ch2_cla_l1_20240707T192630408_20240707T192638408.fits'
 'ch2_cla_l1_20240707T192638408_20240707T192646408.fits'
 'ch2_cla_l1_20240707T192646408_20240707T192654408.fits'
 'ch2_cla_l1_20240707T192654408_20240707T192702408.fits'
 'ch2_cla_l1_20240707T192702408_20240707T192710408.fits'
 'ch2_cla_l1_20240707T192710408_20240707T192718408.fits'
 'ch2_cla_l1_20240707T192718408_20240707T192726408.fits'
 'ch2_cla_l1_20240707T192726408_20240707T192734408.fits'
 'ch2_cla_l1_20240707T192734408_20240707T192742408.fits'
 'ch2_cla_l1_20240707T192742408_20240707T192750408.fits'
 'ch2_cla_l1_20240707T192750408_20240707T192758408.fits'
 'ch2_cla_l1_20240707T192758408_20240707T192806408.fits'
 'ch2_cla_l1_20240707T192806408_20240707T192814408.fits'
 'ch2_cla_l1_20240707T192814408_20240707T192822408.fits'
 'ch2_cla_l1_20240707T192822408_20240707T192830408.fits'
 'ch2_cla_l1_20240707T192830408_20240707T192838408.fits'
 'ch2_cla_l1_20240707T192838408_20240707T192846408.fits'
 'ch2_cla_l1_20240707T192846408_20240707T192854408.fits'
 'ch2_cla_l1_20240707T192854408_20240707T192902408.fits'
 'ch2_cla_l1_20240707T192902408_20240707T192910408.fits'
 'ch2_cla_l1_20240707T192910408_20240707T192918408.fits'
 'ch2_cla_l1_20240707T192918408_20240707T192926408.fits'
 'ch2_cla_l1_20240707T192926408_20240707T192934408.fits'
 'ch2_cla_l1_20240707T192934408_20240707T192942408.fits'
 'ch2_cla_l1_20240707T192942408_20240707T192950408.fits'
 'ch2_cla_l1_20240707T192950408_20240707T192958408.fits'
 'ch2_cla_l1_20240707T192958408_20240707T193006408.fits'
 'ch2_cla_l1_20240707T193006408_20240707T193014408.fits'
 'ch2_cla_l1_20240707T193014408_20240707T193022408.fits'
 'ch2_cla_l1_20240707T193022408_20240707T193030408.fits'
 'ch2_cla_l1_20240707T193030408_20240707T193038408.fits'
 'ch2_cla_l1_20240707T193038408_20240707T193046408.fits'
 'ch2_cla_l1_20240707T193046408_20240707T193054408.fits'
 'ch2_cla_l1_20240707T193054408_20240707T193102408.fits'
 'ch2_cla_l1_20240707T193102408_20240707T193110408.fits']","['ch2_cla_l1_20240707T154608205_20240707T154613947.fits'
 'ch2_cla_l1_20240707T182534408_20240707T182542408.fits'
 'ch2_cla_l1_20240707T182542408_20240707T182550408.fits'
 'ch2_cla_l1_20240707T182550408_20240707T182558408.fits'
 'ch2_cla_l1_20240707T182558408_20240707T182606408.fits'
 'ch2_cla_l1_20240707T182606408_20240707T182614408.fits'
 'ch2_cla_l1_20240707T182614408_20240707T182622408.fits'
 'ch2_cla_l1_20240707T182622408_20240707T182630408.fits'
 'ch2_cla_l1_20240707T182630408_20240707T182638408.fits'
 'ch2_cla_l1_20240707T182638408_20240707T182646408.fits'
 'ch2_cla_l1_20240707T182646408_20240707T182654408.fits'
 'ch2_cla_l1_20240707T182654408_20240707T182702408.fits'
 'ch2_cla_l1_20240707T182702408_20240707T182710408.fits'
 'ch2_cla_l1_20240707T182710408_20240707T182718408.fits'
 'ch2_cla_l1_20240707T182718408_20240707T182726408.fits'
 'ch2_cla_l1_20240707T182726408_20240707T182734408.fits'
 'ch2_cla_l1_20240707T182734408_20240707T182742408.fits'
 'ch2_cla_l1_20240707T182742408_20240707T182750408.fits'
 'ch2_cla_l1_20240707T182750408_20240707T182758408.fits'
 'ch2_cla_l1_20240707T182758408_20240707T182806408.fits'
 'ch2_cla_l1_20240707T182806408_20240707T182814408.fits'
 'ch2_cla_l1_20240707T182814408_20240707T182822408.fits'
 'ch2_cla_l1_20240707T182822408_20240707T182830408.fits'
 'ch2_cla_l1_20240707T182830408_20240707T182838408.fits'
 'ch2_cla_l1_20240707T182838408_20240707T182846408.fits'
 'ch2_cla_l1_20240707T182846408_20240707T182854408.fits'
 'ch2_cla_l1_20240707T182854408_20240707T182902408.fits'
 'ch2_cla_l1_20240707T182902408_20240707T182910408.fits'
 'ch2_cla_l1_20240707T182910408_20240707T182918408.fits'
 'ch2_cla_l1_20240707T182918408_20240707T182926408.fits'
 'ch2_cla_l1_20240707T182926408_20240707T182934408.fits'
 'ch2_cla_l1_20240707T182934408_20240707T182942408.fits'
 'ch2_cla_l1_20240707T182942408_20240707T182950408.fits'
 'ch2_cla_l1_20240707T182950408_20240707T182958408.fits'
 'ch2_cla_l1_20240707T182958408_20240707T183006408.fits'
 'ch2_cla_l1_20240707T183006408_20240707T183014408.fits'
 'ch2_cla_l1_20240707T183014408_20240707T183022408.fits'
 'ch2_cla_l1_20240707T183022408_20240707T183030408.fits'
 'ch2_cla_l1_20240707T183030408_20240707T183038408.fits'
 'ch2_cla_l1_20240707T183038408_20240707T183046408.fits'
 'ch2_cla_l1_20240707T183046408_20240707T183054408.fits'
 'ch2_cla_l1_20240707T183054408_20240707T183102408.fits'
 'ch2_cla_l1_20240707T183102408_20240707T183110408.fits'
 'ch2_cla_l1_20240707T183110408_20240707T183118408.fits'
 'ch2_cla_l1_20240707T183118408_20240707T183126408.fits'
 'ch2_cla_l1_20240707T183126408_20240707T183134408.fits'
 'ch2_cla_l1_20240707T183134408_20240707T183142408.fits'
 'ch2_cla_l1_20240707T193126408_20240707T193134408.fits'
 'ch2_cla_l1_20240707T193134408_20240707T193142408.fits'
 'ch2_cla_l1_20240707T193142408_20240707T193150408.fits'
 'ch2_cla_l1_20240707T193150408_20240707T193158408.fits'
 'ch2_cla_l1_20240707T193158408_20240707T193206408.fits'
 'ch2_cla_l1_20240707T193206408_20240707T193214408.fits'
 'ch2_cla_l1_20240707T193214408_20240707T193222408.fits'
 'ch2_cla_l1_20240707T193222408_20240707T193230408.fits'
 'ch2_cla_l1_20240707T193230408_20240707T193238408.fits'
 'ch2_cla_l1_20240707T193238408_20240707T193246408.fits'
 'ch2_cla_l1_20240707T193246408_20240707T193254408.fits'
 'ch2_cla_l1_20240707T193254408_20240707T193302408.fits'
 'ch2_cla_l1_20240707T193302408_20240707T193310408.fits'
 'ch2_cla_l1_20240707T193310408_20240707T193318408.fits'
 'ch2_cla_l1_20240707T193318408_20240707T193326408.fits'
 'ch2_cla_l1_20240707T193326408_20240707T193334408.fits'
 'ch2_cla_l1_20240707T193334408_20240707T193342408.fits'
 'ch2_cla_l1_20240707T193342408_20240707T193350408.fits'
 'ch2_cla_l1_20240707T193350408_20240707T193358408.fits'
 'ch2_cla_l1_20240707T193358408_20240707T193406408.fits'
 'ch2_cla_l1_20240707T193406408_20240707T193414408.fits'
 'ch2_cla_l1_20240707T193414408_20240707T193422408.fits'
 'ch2_cla_l1_20240707T193422408_20240707T193430408.fits'
 'ch2_cla_l1_20240707T193430408_20240707T193438408.fits'
 'ch2_cla_l1_20240707T193438408_20240707T193446408.fits'
 'ch2_cla_l1_20240707T193446408_20240707T193454408.fits'
 'ch2_cla_l1_20240707T193454408_20240707T193502408.fits'
 'ch2_cla_l1_20240707T193502408_20240707T193510408.fits'
 'ch2_cla_l1_20240707T193510408_20240707T193518408.fits'
 'ch2_cla_l1_20240707T193518408_20240707T193526408.fits'
 'ch2_cla_l1_20240707T193526408_20240707T193534408.fits'
 'ch2_cla_l1_20240707T193534408_20240707T193542408.fits'
 'ch2_cla_l1_20240707T193542408_20240707T193550408.fits'
 'ch2_cla_l1_20240707T193550408_20240707T193558408.fits'
 'ch2_cla_l1_20240707T193558408_20240707T193606408.fits'
 'ch2_cla_l1_20240707T193606408_20240707T193614408.fits'
 'ch2_cla_l1_20240707T193614408_20240707T193622408.fits'
 'ch2_cla_l1_20240707T193622408_20240707T193630408.fits'
 'ch2_cla_l1_20240707T193630408_20240707T193638408.fits'
 'ch2_cla_l1_20240707T193638408_20240707T193646408.fits'
 'ch2_cla_l1_20240707T193646408_20240707T193654408.fits'
 'ch2_cla_l1_20240707T193654408_20240707T193702408.fits'
 'ch2_cla_l1_20240707T193702408_20240707T193710408.fits'
 'ch2_cla_l1_20240707T193710408_20240707T193718408.fits'
 'ch2_cla_l1_20240707T193718408_20240707T193726408.fits'
 'ch2_cla_l1_20240707T193726408_20240707T193734408.fits'
 'ch2_cla_l1_20240707T193734408_20240707T193742408.fits'
 'ch2_cla_l1_20240707T193742408_20240707T193750408.fits'
 'ch2_cla_l1_20240707T193750408_20240707T193758408.fits'
 'ch2_cla_l1_20240707T193758408_20240707T193806408.fits'
 'ch2_cla_l1_20240707T193806408_20240707T193814408.fits'
 'ch2_cla_l1_20240707T193814408_20240707T193822408.fits'
 'ch2_cla_l1_20240707T193822408_20240707T193830408.fits'
 'ch2_cla_l1_20240707T193830408_20240707T193838408.fits'
 'ch2_cla_l1_20240707T193838408_20240707T193846408.fits'
 'ch2_cla_l1_20240707T193846408_20240707T193854408.fits'
 'ch2_cla_l1_20240707T193854408_20240707T193902408.fits'
 'ch2_cla_l1_20240707T193902408_20240707T193910408.fits'
 'ch2_cla_l1_20240707T193910408_20240707T193918408.fits']"
"['ch2_cla_l1_20240707T202831846_20240707T202839846.fits'
 'ch2_cla_l1_20240707T202839846_20240707T202847846.fits'
 'ch2_cla_l1_20240707T202847846_20240707T202855846.fits'
 'ch2_cla_l1_20240707T202855846_20240707T202903846.fits'
 'ch2_cla_l1_20240707T202903846_20240707T202911846.fits'
 'ch2_cla_l1_20240707T202911846_20240707T202919846.fits'
 'ch2_cla_l1_20240707T202919846_20240707T202927846.fits'
 'ch2_cla_l1_20240707T202927846_20240707T202935846.fits'
 'ch2_cla_l1_20240707T202935846_20240707T202943846.fits'
 'ch2_cla_l1_20240707T202943846_20240707T202951846.fits'
 'ch2_cla_l1_20240707T202951846_20240707T202959846.fits'
 'ch2_cla_l1_20240707T202959846_20240707T203007846.fits'
 'ch2_cla_l1_20240707T203007846_20240707T203015846.fits'
 'ch2_cla_l1_20240707T203015846_20240707T203023846.fits'
 'ch2_cla_l1_20240707T203023846_20240707T203031846.fits'
 'ch2_cla_l1_20240707T203031846_20240707T203039846.fits'
 'ch2_cla_l1_20240707T203039846_20240707T203047846.fits'
 'ch2_cla_l1_20240707T203047846_20240707T203055846.fits'
 'ch2_cla_l1_20240707T203055846_20240707T203103846.fits'
 'ch2_cla_l1_20240707T203103846_20240707T203111846.fits'
 'ch2_cla_l1_20240707T203111846_20240707T203119846.fits'
 'ch2_cla_l1_20240707T203119846_20240707T203127846.fits'
 'ch2_cla_l1_20240707T203127846_20240707T203135846.fits'
 'ch2_cla_l1_20240707T203135846_20240707T203143846.fits'
 'ch2_cla_l1_20240707T203143846_20240707T203151846.fits'
 'ch2_cla_l1_20240707T203151846_20240707T203159846.fits'
 'ch2_cla_l1_20240707T203159846_20240707T203207846.fits'
 'ch2_cla_l1_20240707T203207846_20240707T203215846.fits'
 'ch2_cla_l1_20240707T203215846_20240707T203223846.fits'
 'ch2_cla_l1_20240707T203223846_20240707T203231846.fits'
 'ch2_cla_l1_20240707T203231846_20240707T203239846.fits'
 'ch2_cla_l1_20240707T203239846_20240707T203247846.fits'
 'ch2_cla_l1_20240707T203247846_20240707T203255846.fits'
 'ch2_cla_l1_20240707T203255846_20240707T203303846.fits'
 'ch2_cla_l1_20240707T203303846_20240707T203311846.fits'
 'ch2_cla_l1_20240707T203311846_20240707T203319846.fits'
 'ch2_cla_l1_20240707T203319846_20240707T203327846.fits'
 'ch2_cla_l1_20240707T203327846_20240707T203335846.fits'
 'ch2_cla_l1_20240707T203335846_20240707T203343846.fits'
 'ch2_cla_l1_20240707T203343846_20240707T203351846.fits'
 'ch2_cla_l1_20240707T203351846_20240707T203359846.fits'
 'ch2_cla_l1_20240707T203359846_20240707T203407846.fits'
 'ch2_cla_l1_20240707T203407846_20240707T203415846.fits'
 'ch2_cla_l1_20240707T203415846_20240707T203423846.fits'
 'ch2_cla_l1_20240707T203423846_20240707T203431846.fits'
 'ch2_cla_l1_20240707T203431846_20240707T203439846.fits'
 'ch2_cla_l1_20240707T203439846_20240707T203447846.fits'
 'ch2_cla_l1_20240707T203447846_20240707T203455846.fits'
 'ch2_cla_l1_20240707T203455846_20240707T203503846.fits'
 'ch2_cla_l1_20240707T203503846_20240707T203511846.fits'
 'ch2_cla_l1_20240707T203511846_20240707T203519846.fits'
 'ch2_cla_l1_20240707T203519846_20240707T203527846.fits'
 'ch2_cla_l1_20240707T203527846_20240707T203535846.fits'
 'ch2_cla_l1_20240707T203535846_20240707T203543846.fits'
 'ch2_cla_l1_20240707T203543846_20240707T203551846.fits'
 'ch2_cla_l1_20240707T203551846_20240707T203559846.fits'
 'ch2_cla_l1_20240707T203559846_20240707T203607846.fits'
 'ch2_cla_l1_20240707T203607846_20240707T203615846.fits'
 'ch2_cla_l1_20240707T203615846_20240707T203623846.fits'
 'ch2_cla_l1_20240707T203623846_20240707T203631846.fits'
 'ch2_cla_l1_20240707T203631846_20240707T203639846.fits'
 'ch2_cla_l1_20240707T203639846_20240707T203647846.fits'
 'ch2_cla_l1_20240707T203647846_20240707T203655846.fits'
 'ch2_cla_l1_20240707T203655846_20240707T203703846.fits'
 'ch2_cla_l1_20240707T203703846_20240707T203711846.fits'
 'ch2_cla_l1_20240707T203711846_20240707T203719846.fits'
 'ch2_cla_l1_20240707T203719846_20240707T203727846.fits'
 'ch2_cla_l1_20240707T203727846_20240707T203735846.fits'
 'ch2_cla_l1_20240707T203735846_20240707T203743846.fits'
 'ch2_cla_l1_20240707T203743846_20240707T203751846.fits'
 'ch2_cla_l1_20240707T203751846_20240707T203759846.fits'
 'ch2_cla_l1_20240707T203759846_20240707T203807846.fits'
 'ch2_cla_l1_20240707T203807846_20240707T203815846.fits'
 'ch2_cla_l1_20240707T203815846_20240707T203823846.fits'
 'ch2_cla_l1_20240707T203823846_20240707T203831846.fits'
 'ch2_cla_l1_20240707T203831846_20240707T203839846.fits'
 'ch2_cla_l1_20240707T203839846_20240707T203847846.fits'
 'ch2_cla_l1_20240707T203847846_20240707T203855846.fits'
 'ch2_cla_l1_20240707T203855846_20240707T203903846.fits'
 'ch2_cla_l1_20240707T203903846_20240707T203911846.fits'
 'ch2_cla_l1_20240707T203911846_20240707T203919846.fits'
 'ch2_cla_l1_20240707T203919846_20240707T203927846.fits'
 'ch2_cla_l1_20240707T203927846_20240707T203935846.fits'
 'ch2_cla_l1_20240707T203935846_20240707T203943846.fits'
 'ch2_cla_l1_20240707T203943846_20240707T203951846.fits'
 'ch2_cla_l1_20240707T203951846_20240707T203959846.fits'
 'ch2_cla_l1_20240707T203959846_20240707T204007846.fits'
 'ch2_cla_l1_20240707T204007846_20240707T204015846.fits'
 'ch2_cla_l1_20240707T204015846_20240707T204023846.fits'
 'ch2_cla_l1_20240707T204023846_20240707T204031846.fits'
 'ch2_cla_l1_20240707T204031846_20240707T204039846.fits'
 'ch2_cla_l1_20240707T204039846_20240707T204047846.fits'
 'ch2_cla_l1_20240707T204047846_20240707T204055846.fits'
 'ch2_cla_l1_20240707T204055846_20240707T204103846.fits'
 'ch2_cla_l1_20240707T204103846_20240707T204111846.fits'
 'ch2_cla_l1_20240707T204111846_20240707T204119846.fits'
 'ch2_cla_l1_20240707T204119846_20240707T204127846.fits'
 'ch2_cla_l1_20240707T204127846_20240707T204135846.fits'
 'ch2_cla_l1_20240707T204135846_20240707T204143846.fits'
 'ch2_cla_l1_20240707T204143846_20240707T204151846.fits'
 'ch2_cla_l1_20240707T204151846_20240707T204159846.fits'
 'ch2_cla_l1_20240707T204159846_20240707T204207846.fits'
 'ch2_cla_l1_20240707T204207846_20240707T204215846.fits'
 'ch2_cla_l1_20240707T204215846_20240707T204223846.fits'
 'ch2_cla_l1_20240707T204223846_20240707T204231846.fits'
 'ch2_cla_l1_20240707T204231846_20240707T204239846.fits'
 'ch2_cla_l1_20240707T204239846_20240707T204247846.fits'
 'ch2_cla_l1_20240707T204247846_20240707T204255846.fits'
 'ch2_cla_l1_20240707T204255846_20240707T204303846.fits'
 'ch2_cla_l1_20240707T204303846_20240707T204311846.fits'
 'ch2_cla_l1_20240707T204311846_20240707T204319846.fits'
 'ch2_cla_l1_20240707T204319846_20240707T204327846.fits'
 'ch2_cla_l1_20240707T204327846_20240707T204335846.fits'
 'ch2_cla_l1_20240707T204335846_20240707T204343846.fits'
 'ch2_cla_l1_20240707T204343846_20240707T204351846.fits'
 'ch2_cla_l1_20240707T204351846_20240707T204359846.fits'
 'ch2_cla_l1_20240707T204359846_20240707T204407846.fits'
 'ch2_cla_l1_20240707T204407846_20240707T204415846.fits'
 'ch2_cla_l1_20240707T204415846_20240707T204423846.fits'
 'ch2_cla_l1_20240707T204423846_20240707T204431846.fits'
 'ch2_cla_l1_20240707T204431846_20240707T204439846.fits'
 'ch2_cla_l1_20240707T204439846_20240707T204447846.fits'
 'ch2_cla_l1_20240707T204447846_20240707T204455846.fits'
 'ch2_cla_l1_20240707T204455846_20240707T204503846.fits'
 'ch2_cla_l1_20240707T204503846_20240707T204511846.fits'
 'ch2_cla_l1_20240707T204511846_20240707T204519846.fits'
 'ch2_cla_l1_20240707T204519846_20240707T204527846.fits'
 'ch2_cla_l1_20240707T204527846_20240707T204535846.fits'
 'ch2_cla_l1_20240707T204535846_20240707T204543846.fits'
 'ch2_cla_l1_20240707T204543846_20240707T204551846.fits'
 'ch2_cla_l1_20240707T204551846_20240707T204559846.fits'
 'ch2_cla_l1_20240707T204559846_20240707T204607846.fits'
 'ch2_cla_l1_20240707T204607846_20240707T204615846.fits'
 'ch2_cla_l1_20240707T204615846_20240707T204623846.fits'
 'ch2_cla_l1_20240707T204623846_20240707T204631846.fits'
 'ch2_cla_l1_20240707T204631846_20240707T204639846.fits'
 'ch2_cla_l1_20240707T204639846_20240707T204647846.fits'
 'ch2_cla_l1_20240707T204647846_20240707T204655846.fits'
 'ch2_cla_l1_20240707T204655846_20240707T204703846.fits'
 'ch2_cla_l1_20240707T204703846_20240707T204711846.fits'
 'ch2_cla_l1_20240707T204711846_20240707T204719846.fits'
 'ch2_cla_l1_20240707T204719846_20240707T204727846.fits'
 'ch2_cla_l1_20240707T204727846_20240707T204735846.fits'
 'ch2_cla_l1_20240707T204735846_20240707T204743846.fits'
 'ch2_cla_l1_20240707T204743846_20240707T204751846.fits'
 'ch2_cla_l1_20240707T204751846_20240707T204759846.fits'
 'ch2_cla_l1_20240707T204759846_20240707T204807846.fits'
 'ch2_cla_l1_20240707T204807846_20240707T204815846.fits'
 'ch2_cla_l1_20240707T204815846_20240707T204823846.fits'
 'ch2_cla_l1_20240707T204823846_20240707T204831846.fits'
 'ch2_cla_l1_20240707T204831846_20240707T204839846.fits'
 'ch2_cla_l1_20240707T204839846_20240707T204847846.fits'
 'ch2_cla_l1_20240707T204847846_20240707T204855846.fits'
 'ch2_cla_l1_20240707T204855846_20240707T204903846.fits'
 'ch2_cla_l1_20240707T204903846_20240707T204911846.fits'
 'ch2_cla_l1_20240707T204911846_20240707T204919846.fits'
 'ch2_cla_l1_20240707T204919846_20240707T204927846.fits'
 'ch2_cla_l1_20240707T204927846_20240707T204935846.fits'
 'ch2_cla_l1_20240707T204935846_20240707T204943846.fits'
 'ch2_cla_l1_20240707T204943846_20240707T204951846.fits'
 'ch2_cla_l1_20240707T204951846_20240707T204959846.fits'
 'ch2_cla_l1_20240707T204959846_20240707T205007846.fits'
 'ch2_cla_l1_20240707T205007846_20240707T205015846.fits'
 'ch2_cla_l1_20240707T205015846_20240707T205023846.fits'
 'ch2_cla_l1_20240707T205023846_20240707T205031846.fits'
 'ch2_cla_l1_20240707T205031846_20240707T205039846.fits'
 'ch2_cla_l1_20240707T205039846_20240707T205047846.fits'
 'ch2_cla_l1_20240707T205047846_20240707T205055846.fits'
 'ch2_cla_l1_20240707T205055846_20240707T205103846.fits'
 'ch2_cla_l1_20240707T205103846_20240707T205111846.fits'
 'ch2_cla_l1_20240707T205111846_20240707T205119846.fits'
 'ch2_cla_l1_20240707T205119846_20240707T205127846.fits'
 'ch2_cla_l1_20240707T205127846_20240707T205135846.fits'
 'ch2_cla_l1_20240707T205135846_20240707T205143846.fits'
 'ch2_cla_l1_20240707T205143846_20240707T205151846.fits'
 'ch2_cla_l1_20240707T205151846_20240707T205159846.fits'
 'ch2_cla_l1_20240707T205159846_20240707T205207846.fits'
 'ch2_cla_l1_20240707T205207846_20240707T205215846.fits'
 'ch2_cla_l1_20240707T205215846_20240707T205223846.fits'
 'ch2_cla_l1_20240707T205223846_20240707T205231846.fits'
 'ch2_cla_l1_20240707T205231846_20240707T205239846.fits'
 'ch2_cla_l1_20240707T205239846_20240707T205247846.fits'
 'ch2_cla_l1_20240707T205247846_20240707T205255846.fits'
 'ch2_cla_l1_20240707T205255846_20240707T205303846.fits'
 'ch2_cla_l1_20240707T205303846_20240707T205311846.fits'
 'ch2_cla_l1_20240707T205311846_20240707T205319846.fits'
 'ch2_cla_l1_20240707T205319846_20240707T205327846.fits'
 'ch2_cla_l1_20240707T205327846_20240707T205335846.fits'
 'ch2_cla_l1_20240707T205335846_20240707T205343846.fits'
 'ch2_cla_l1_20240707T205343846_20240707T205351846.fits'
 'ch2_cla_l1_20240707T205351846_20240707T205359846.fits'
 'ch2_cla_l1_20240707T205359846_20240707T205407846.fits'
 'ch2_cla_l1_20240707T205407846_20240707T205415846.fits'
 'ch2_cla_l1_20240707T205415846_20240707T205423846.fits'
 'ch2_cla_l1_20240707T205423846_20240707T205431846.fits'
 'ch2_cla_l1_20240707T205431846_20240707T205439846.fits'
 'ch2_cla_l1_20240707T205439846_20240707T205447846.fits'
 'ch2_cla_l1_20240707T205447846_20240707T205455846.fits'
 'ch2_cla_l1_20240707T205455846_20240707T205503846.fits'
 'ch2_cla_l1_20240707T205503846_20240707T205511846.fits'
 'ch2_cla_l1_20240707T205511846_20240707T205519846.fits'
 'ch2_cla_l1_20240707T205519846_20240707T205527846.fits'
 'ch2_cla_l1_20240707T205527846_20240707T205535846.fits'
 'ch2_cla_l1_20240707T205535846_20240707T205543846.fits'
 'ch2_cla_l1_20240707T205543846_20240707T205551846.fits'
 'ch2_cla_l1_20240707T205551846_20240707T205559846.fits'
 'ch2_cla_l1_20240707T205559846_20240707T205607846.fits'
 'ch2_cla_l1_20240707T205607846_20240707T205615846.fits'
 'ch2_cla_l1_20240707T205615846_20240707T205623846.fits'
 'ch2_cla_l1_20240707T205623846_20240707T205631846.fits'
 'ch2_cla_l1_20240707T205631846_20240707T205639846.fits'
 'ch2_cla_l1_20240707T205639846_20240707T205647846.fits'
 'ch2_cla_l1_20240707T205647846_20240707T205655846.fits'
 'ch2_cla_l1_20240707T205655846_20240707T205703846.fits'
 'ch2_cla_l1_20240707T205703846_20240707T205711846.fits'
 'ch2_cla_l1_20240707T205711846_20240707T205719846.fits'
 'ch2_cla_l1_20240707T205719846_20240707T205727846.fits'
 'ch2_cla_l1_20240707T205727846_20240707T205735846.fits'
 'ch2_cla_l1_20240707T205735846_20240707T205743846.fits'
 'ch2_cla_l1_20240707T205743846_20240707T205751846.fits'
 'ch2_cla_l1_20240707T205751846_20240707T205759846.fits'
 'ch2_cla_l1_20240707T205759846_20240707T205807846.fits'
 'ch2_cla_l1_20240707T205807846_20240707T205815846.fits'
 'ch2_cla_l1_20240707T205815846_20240707T205823846.fits'
 'ch2_cla_l1_20240707T205823846_20240707T205831846.fits'
 'ch2_cla_l1_20240707T205831846_20240707T205839846.fits'
 'ch2_cla_l1_20240707T205839846_20240707T205847846.fits'
 'ch2_cla_l1_20240707T205847846_20240707T205855846.fits'
 'ch2_cla_l1_20240707T205855846_20240707T205903846.fits'
 'ch2_cla_l1_20240707T205903846_20240707T205911846.fits'
 'ch2_cla_l1_20240707T205911846_20240707T205919846.fits'
 'ch2_cla_l1_20240707T205919846_20240707T205927846.fits'
 'ch2_cla_l1_20240707T205927846_20240707T205935846.fits'
 'ch2_cla_l1_20240707T205935846_20240707T205943846.fits'
 'ch2_cla_l1_20240707T205943846_20240707T205951846.fits'
 'ch2_cla_l1_20240707T205951846_20240707T205959846.fits'
 'ch2_cla_l1_20240707T205959846_20240707T210007846.fits'
 'ch2_cla_l1_20240707T210007846_20240707T210015846.fits'
 'ch2_cla_l1_20240707T210015846_20240707T210023846.fits'
 'ch2_cla_l1_20240707T210023846_20240707T210031846.fits'
 'ch2_cla_l1_20240707T210031846_20240707T210039846.fits'
 'ch2_cla_l1_20240707T210039846_20240707T210047846.fits'
 'ch2_cla_l1_20240707T210047846_20240707T210055846.fits'
 'ch2_cla_l1_20240707T210055846_20240707T210103846.fits'
 'ch2_cla_l1_20240707T210103846_20240707T210111846.fits'
 'ch2_cla_l1_20240707T210111846_20240707T210119846.fits'
 'ch2_cla_l1_20240707T210119846_20240707T210127846.fits'
 'ch2_cla_l1_20240707T210127846_20240707T210135846.fits'
 'ch2_cla_l1_20240707T210135846_20240707T210143846.fits'
 'ch2_cla_l1_20240707T210143846_20240707T210151846.fits'
 'ch2_cla_l1_20240707T210151846_20240707T210159846.fits'
 'ch2_cla_l1_20240707T210159846_20240707T210207846.fits'
 'ch2_cla_l1_20240707T210207846_20240707T210215846.fits'
 'ch2_cla_l1_20240707T210215846_20240707T210223846.fits'
 'ch2_cla_l1_20240707T210223846_20240707T210231846.fits'
 'ch2_cla_l1_20240707T210231846_20240707T210239846.fits'
 'ch2_cla_l1_20240707T210239846_20240707T210247846.fits'
 'ch2_cla_l1_20240707T210247846_20240707T210255846.fits'
 'ch2_cla_l1_20240707T210255846_20240707T210303846.fits'
 'ch2_cla_l1_20240707T210303846_20240707T210311846.fits'
 'ch2_cla_l1_20240707T210311846_20240707T210319846.fits'
 'ch2_cla_l1_20240707T210319846_20240707T210327846.fits'
 'ch2_cla_l1_20240707T210327846_20240707T210335846.fits'
 'ch2_cla_l1_20240707T210335846_20240707T210343846.fits'
 'ch2_cla_l1_20240707T210343846_20240707T210351846.fits'
 'ch2_cla_l1_20240707T210351846_20240707T210359846.fits'
 'ch2_cla_l1_20240707T210359846_20240707T210407846.fits'
 'ch2_cla_l1_20240707T210407846_20240707T210415846.fits'
 'ch2_cla_l1_20240707T210415846_20240707T210423846.fits'
 'ch2_cla_l1_20240707T210423846_20240707T210431846.fits'
 'ch2_cla_l1_20240707T210431846_20240707T210439846.fits'
 'ch2_cla_l1_20240707T210439846_20240707T210447846.fits'
 'ch2_cla_l1_20240707T210447846_20240707T210455846.fits'
 'ch2_cla_l1_20240707T210455846_20240707T210503846.fits'
 'ch2_cla_l1_20240707T210503846_20240707T210511846.fits'
 'ch2_cla_l1_20240707T210511846_20240707T210519846.fits'
 'ch2_cla_l1_20240707T210519846_20240707T210527846.fits'
 'ch2_cla_l1_20240707T210527846_20240707T210535846.fits'
 'ch2_cla_l1_20240707T210535846_20240707T210543846.fits'
 'ch2_cla_l1_20240707T210543846_20240707T210551846.fits'
 'ch2_cla_l1_20240707T210551846_20240707T210559846.fits'
 'ch2_cla_l1_20240707T210559846_20240707T210607846.fits'
 'ch2_cla_l1_20240707T210607846_20240707T210615846.fits'
 'ch2_cla_l1_20240707T210615846_20240707T210623846.fits'
 'ch2_cla_l1_20240707T210623846_20240707T210631846.fits'
 'ch2_cla_l1_20240707T210631846_20240707T210639846.fits'
 'ch2_cla_l1_20240707T210639846_20240707T210647846.fits'
 'ch2_cla_l1_20240707T210647846_20240707T210655846.fits'
 'ch2_cla_l1_20240707T210655846_20240707T210703846.fits'
 'ch2_cla_l1_20240707T210703846_20240707T210711846.fits'
 'ch2_cla_l1_20240707T210711846_20240707T210719846.fits'
 'ch2_cla_l1_20240707T210719846_20240707T210727846.fits'
 'ch2_cla_l1_20240707T210727846_20240707T210735846.fits'
 'ch2_cla_l1_20240707T210735846_20240707T210743846.fits'
 'ch2_cla_l1_20240707T210743846_20240707T210751846.fits'
 'ch2_cla_l1_20240707T210751846_20240707T210759846.fits'
 'ch2_cla_l1_20240707T210759846_20240707T210807846.fits'
 'ch2_cla_l1_20240707T210807846_20240707T210815846.fits'
 'ch2_cla_l1_20240707T210815846_20240707T210823846.fits'
 'ch2_cla_l1_20240707T210823846_20240707T210831846.fits'
 'ch2_cla_l1_20240707T210831846_20240707T210839846.fits'
 'ch2_cla_l1_20240707T210839846_20240707T210847846.fits'
 'ch2_cla_l1_20240707T210847846_20240707T210855846.fits'
 'ch2_cla_l1_20240707T210855846_20240707T210903846.fits'
 'ch2_cla_l1_20240707T210903846_20240707T210911846.fits'
 'ch2_cla_l1_20240707T210911846_20240707T210919846.fits'
 'ch2_cla_l1_20240707T210919846_20240707T210927846.fits'
 'ch2_cla_l1_20240707T210927846_20240707T210935846.fits'
 'ch2_cla_l1_20240707T210935846_20240707T210943846.fits'
 'ch2_cla_l1_20240707T210943846_20240707T210951846.fits'
 'ch2_cla_l1_20240707T210951846_20240707T210959846.fits'
 'ch2_cla_l1_20240707T210959846_20240707T211007846.fits'
 'ch2_cla_l1_20240707T211007846_20240707T211015846.fits'
 'ch2_cla_l1_20240707T211015846_20240707T211023846.fits'
 'ch2_cla_l1_20240707T211023846_20240707T211031846.fits'
 'ch2_cla_l1_20240707T211031846_20240707T211039846.fits'
 'ch2_cla_l1_20240707T211039846_20240707T211047846.fits'
 'ch2_cla_l1_20240707T211047846_20240707T211055846.fits'
 'ch2_cla_l1_20240707T211055846_20240707T211103846.fits'
 'ch2_cla_l1_20240707T211103846_20240707T211111846.fits'
 'ch2_cla_l1_20240707T211111846_20240707T211119846.fits'
 'ch2_cla_l1_20240707T211119846_20240707T211127846.fits'
 'ch2_cla_l1_20240707T211127846_20240707T211135846.fits'
 'ch2_cla_l1_20240707T211135846_20240707T211143846.fits'
 'ch2_cla_l1_20240707T211143846_20240707T211151846.fits'
 'ch2_cla_l1_20240707T211151846_20240707T211159846.fits'
 'ch2_cla_l1_20240707T211159846_20240707T211207846.fits'
 'ch2_cla_l1_20240707T211207846_20240707T211215846.fits'
 'ch2_cla_l1_20240707T211215846_20240707T211223846.fits'
 'ch2_cla_l1_20240707T211223846_20240707T211231846.fits'
 'ch2_cla_l1_20240707T211231846_20240707T211239846.fits'
 'ch2_cla_l1_20240707T211239846_20240707T211247846.fits'
 'ch2_cla_l1_20240707T211247846_20240707T211255846.fits'
 'ch2_cla_l1_20240707T211255846_20240707T211303846.fits'
 'ch2_cla_l1_20240707T211303846_20240707T211311846.fits'
 'ch2_cla_l1_20240707T211311846_20240707T211319846.fits'
 'ch2_cla_l1_20240707T211319846_20240707T211327846.fits'
 'ch2_cla_l1_20240707T211327846_20240707T211335846.fits'
 'ch2_cla_l1_20240707T211335846_20240707T211343846.fits'
 'ch2_cla_l1_20240707T211343846_20240707T211351846.fits'
 'ch2_cla_l1_20240707T211351846_20240707T211359846.fits'
 'ch2_cla_l1_20240707T211359846_20240707T211407846.fits'
 'ch2_cla_l1_20240707T211407846_20240707T211415846.fits'
 'ch2_cla_l1_20240707T211415846_20240707T211423846.fits'
 'ch2_cla_l1_20240707T211423846_20240707T211431846.fits'
 'ch2_cla_l1_20240707T211431846_20240707T211439846.fits'
 'ch2_cla_l1_20240707T211439846_20240707T211447846.fits'
 'ch2_cla_l1_20240707T211447846_20240707T211455846.fits'
 'ch2_cla_l1_20240707T211455846_20240707T211503846.fits'
 'ch2_cla_l1_20240707T211503846_20240707T211511846.fits'
 'ch2_cla_l1_20240707T211511846_20240707T211519846.fits'
 'ch2_cla_l1_20240707T211519846_20240707T211527846.fits'
 'ch2_cla_l1_20240707T211527846_20240707T211535846.fits'
 'ch2_cla_l1_20240707T211535846_20240707T211543846.fits'
 'ch2_cla_l1_20240707T211543846_20240707T211551846.fits'
 'ch2_cla_l1_20240707T211551846_20240707T211559846.fits'
 'ch2_cla_l1_20240707T211559846_20240707T211607846.fits'
 'ch2_cla_l1_20240707T211607846_20240707T211615846.fits'
 'ch2_cla_l1_20240707T211615846_20240707T211623846.fits'
 'ch2_cla_l1_20240707T211623846_20240707T211631846.fits'
 'ch2_cla_l1_20240707T211631846_20240707T211639846.fits'
 'ch2_cla_l1_20240707T211639846_20240707T211647846.fits'
 'ch2_cla_l1_20240707T211647846_20240707T211655846.fits'
 'ch2_cla_l1_20240707T211655846_20240707T211703846.fits'
 'ch2_cla_l1_20240707T211703846_20240707T211711846.fits'
 'ch2_cla_l1_20240707T211711846_20240707T211719846.fits'
 'ch2_cla_l1_20240707T211719846_20240707T211727846.fits'
 'ch2_cla_l1_20240707T211727846_20240707T211735846.fits'
 'ch2_cla_l1_20240707T211735846_20240707T211743846.fits'
 'ch2_cla_l1_20240707T211743846_20240707T211751846.fits'
 'ch2_cla_l1_20240707T211751846_20240707T211759846.fits'
 'ch2_cla_l1_20240707T211759846_20240707T211807846.fits'
 'ch2_cla_l1_20240707T211807846_20240707T211815846.fits'
 'ch2_cla_l1_20240707T211815846_20240707T211823846.fits'
 'ch2_cla_l1_20240707T211823846_20240707T211831846.fits'
 'ch2_cla_l1_20240707T211831846_20240707T211839846.fits'
 'ch2_cla_l1_20240707T211839846_20240707T211847846.fits'
 'ch2_cla_l1_20240707T211847846_20240707T211855846.fits'
 'ch2_cla_l1_20240707T211855846_20240707T211903846.fits'
 'ch2_cla_l1_20240707T211903846_20240707T211911846.fits'
 'ch2_cla_l1_20240707T211911846_20240707T211919846.fits'
 'ch2_cla_l1_20240707T211919846_20240707T211927846.fits'
 'ch2_cla_l1_20240707T211927846_20240707T211935846.fits'
 'ch2_cla_l1_20240707T211935846_20240707T211943846.fits'
 'ch2_cla_l1_20240707T211943846_20240707T211951846.fits'
 'ch2_cla_l1_20240707T211951846_20240707T211959846.fits'
 'ch2_cla_l1_20240707T211959846_20240707T212007846.fits'
 'ch2_cla_l1_20240707T212007846_20240707T212015846.fits'
 'ch2_cla_l1_20240707T212015846_20240707T212023846.fits'
 'ch2_cla_l1_20240707T212023846_20240707T212031846.fits'
 'ch2_cla_l1_20240707T212031846_20240707T212039846.fits'
 'ch2_cla_l1_20240707T212039846_20240707T212047846.fits'
 'ch2_cla_l1_20240707T212047846_20240707T212055846.fits'
 'ch2_cla_l1_20240707T212055846_20240707T212103846.fits'
 'ch2_cla_l1_20240707T212103846_20240707T212111846.fits'
 'ch2_cla_l1_20240707T212111846_20240707T212119846.fits'
 'ch2_cla_l1_20240707T212119846_20240707T212127846.fits'
 'ch2_cla_l1_20240707T212127846_20240707T212135846.fits'
 'ch2_cla_l1_20240707T212135846_20240707T212143846.fits'
 'ch2_cla_l1_20240707T212143846_20240707T212151846.fits'
 'ch2_cla_l1_20240707T212151846_20240707T212159846.fits'
 'ch2_cla_l1_20240707T212159846_20240707T212207846.fits'
 'ch2_cla_l1_20240707T212207846_20240707T212215846.fits'
 'ch2_cla_l1_20240707T212215846_20240707T212223846.fits'
 'ch2_cla_l1_20240707T212223846_20240707T212231846.fits'
 'ch2_cla_l1_20240707T212231846_20240707T212239846.fits'
 'ch2_cla_l1_20240707T212239846_20240707T212247846.fits'
 'ch2_cla_l1_20240707T212247846_20240707T212255846.fits'
 'ch2_cla_l1_20240707T212255846_20240707T212303846.fits'
 'ch2_cla_l1_20240707T212303846_20240707T212311846.fits'
 'ch2_cla_l1_20240707T212311846_20240707T212319846.fits'
 'ch2_cla_l1_20240707T212319846_20240707T212327846.fits'
 'ch2_cla_l1_20240707T212327846_20240707T212335846.fits'
 'ch2_cla_l1_20240707T212335846_20240707T212343846.fits'
 'ch2_cla_l1_20240707T212343846_20240707T212351846.fits'
 'ch2_cla_l1_20240707T212351846_20240707T212359846.fits'
 'ch2_cla_l1_20240707T212359846_20240707T212407846.fits'
 'ch2_cla_l1_20240707T212407846_20240707T212415846.fits'
 'ch2_cla_l1_20240707T212415846_20240707T212423846.fits'
 'ch2_cla_l1_20240707T212423846_20240707T212431846.fits'
 'ch2_cla_l1_20240707T212431846_20240707T212439846.fits'
 'ch2_cla_l1_20240707T212439846_20240707T212447846.fits'
 'ch2_cla_l1_20240707T212447846_20240707T212455846.fits'
 'ch2_cla_l1_20240707T212455846_20240707T212503846.fits'
 'ch2_cla_l1_20240707T212503846_20240707T212511846.fits'
 'ch2_cla_l1_20240707T212511846_20240707T212519846.fits'
 'ch2_cla_l1_20240707T212519846_20240707T212527846.fits'
 'ch2_cla_l1_20240707T212527846_20240707T212535846.fits'
 'ch2_cla_l1_20240707T212535846_20240707T212543846.fits'
 'ch2_cla_l1_20240707T212543846_20240707T212551846.fits'
 'ch2_cla_l1_20240707T212551846_20240707T212559846.fits'
 'ch2_cla_l1_20240707T212559846_20240707T212607846.fits'
 'ch2_cla_l1_20240707T212607846_20240707T212615846.fits'
 'ch2_cla_l1_20240707T212615846_20240707T212623846.fits'
 'ch2_cla_l1_20240707T212623846_20240707T212631846.fits'
 'ch2_cla_l1_20240707T212631846_20240707T212639846.fits'
 'ch2_cla_l1_20240707T212639846_20240707T212647846.fits'
 'ch2_cla_l1_20240707T212647846_20240707T212655846.fits'
 'ch2_cla_l1_20240707T212655846_20240707T212703846.fits'
 'ch2_cla_l1_20240707T212703846_20240707T212711846.fits'
 'ch2_cla_l1_20240707T212711846_20240707T212719846.fits'
 'ch2_cla_l1_20240707T212719846_20240707T212727846.fits'
 'ch2_cla_l1_20240707T212727846_20240707T212735846.fits'
 'ch2_cla_l1_20240707T212735846_20240707T212743846.fits']","['ch2_cla_l1_20240707T193918408_20240707T193925206.fits'
 'ch2_cla_l1_20240707T202207846_20240707T202215846.fits'
 'ch2_cla_l1_20240707T202215846_20240707T202223846.fits'
 'ch2_cla_l1_20240707T202223846_20240707T202231846.fits'
 'ch2_cla_l1_20240707T202231846_20240707T202239846.fits'
 'ch2_cla_l1_20240707T202239846_20240707T202247846.fits'
 'ch2_cla_l1_20240707T202247846_20240707T202255846.fits'
 'ch2_cla_l1_20240707T202255846_20240707T202303846.fits'
 'ch2_cla_l1_20240707T202303846_20240707T202311846.fits'
 'ch2_cla_l1_20240707T202311846_20240707T202319846.fits'
 'ch2_cla_l1_20240707T202319846_20240707T202327846.fits'
 'ch2_cla_l1_20240707T202327846_20240707T202335846.fits'
 'ch2_cla_l1_20240707T202335846_20240707T202343846.fits'
 'ch2_cla_l1_20240707T202343846_20240707T202351846.fits'
 'ch2_cla_l1_20240707T202351846_20240707T202359846.fits'
 'ch2_cla_l1_20240707T202359846_20240707T202407846.fits'
 'ch2_cla_l1_20240707T202407846_20240707T202415846.fits'
 'ch2_cla_l1_20240707T202415846_20240707T202423846.fits'
 'ch2_cla_l1_20240707T202423846_20240707T202431846.fits'
 'ch2_cla_l1_20240707T202431846_20240707T202439846.fits'
 'ch2_cla_l1_20240707T202439846_20240707T202447846.fits'
 'ch2_cla_l1_20240707T202447846_20240707T202455846.fits'
 'ch2_cla_l1_20240707T202455846_20240707T202503846.fits'
 'ch2_cla_l1_20240707T202503846_20240707T202511846.fits'
 'ch2_cla_l1_20240707T202511846_20240707T202519846.fits'
 'ch2_cla_l1_20240707T202519846_20240707T202527846.fits'
 'ch2_cla_l1_20240707T202527846_20240707T202535846.fits'
 'ch2_cla_l1_20240707T202535846_20240707T202543846.fits'
 'ch2_cla_l1_20240707T202543846_20240707T202551846.fits'
 'ch2_cla_l1_20240707T202551846_20240707T202559846.fits'
 'ch2_cla_l1_20240707T202559846_20240707T202607846.fits'
 'ch2_cla_l1_20240707T202607846_20240707T202615846.fits'
 'ch2_cla_l1_20240707T202615846_20240707T202623846.fits'
 'ch2_cla_l1_20240707T202623846_20240707T202631846.fits'
 'ch2_cla_l1_20240707T202631846_20240707T202639846.fits'
 'ch2_cla_l1_20240707T202639846_20240707T202647846.fits'
 'ch2_cla_l1_20240707T202647846_20240707T202655846.fits'
 'ch2_cla_l1_20240707T202655846_20240707T202703846.fits'
 'ch2_cla_l1_20240707T202703846_20240707T202711846.fits'
 'ch2_cla_l1_20240707T202711846_20240707T202719846.fits'
 'ch2_cla_l1_20240707T202719846_20240707T202727846.fits'
 'ch2_cla_l1_20240707T202727846_20240707T202735846.fits'
 'ch2_cla_l1_20240707T202735846_20240707T202743846.fits'
 'ch2_cla_l1_20240707T202743846_20240707T202751846.fits'
 'ch2_cla_l1_20240707T202751846_20240707T202759846.fits'
 'ch2_cla_l1_20240707T202759846_20240707T202807846.fits'
 'ch2_cla_l1_20240707T202807846_20240707T202815846.fits'
 'ch2_cla_l1_20240707T212759846_20240707T212807846.fits'
 'ch2_cla_l1_20240707T212807846_20240707T212815846.fits'
 'ch2_cla_l1_20240707T212815846_20240707T212823846.fits'
 'ch2_cla_l1_20240707T212823846_20240707T212831846.fits'
 'ch2_cla_l1_20240707T212831846_20240707T212839846.fits'
 'ch2_cla_l1_20240707T212839846_20240707T212847846.fits'
 'ch2_cla_l1_20240707T212847846_20240707T212855846.fits'
 'ch2_cla_l1_20240707T212855846_20240707T212903846.fits'
 'ch2_cla_l1_20240707T212903846_20240707T212911846.fits'
 'ch2_cla_l1_20240707T212911846_20240707T212919846.fits'
 'ch2_cla_l1_20240707T212919846_20240707T212927846.fits'
 'ch2_cla_l1_20240707T212927846_20240707T212935846.fits'
 'ch2_cla_l1_20240707T212935846_20240707T212943846.fits'
 'ch2_cla_l1_20240707T212943846_20240707T212951846.fits'
 'ch2_cla_l1_20240707T212951846_20240707T212959846.fits'
 'ch2_cla_l1_20240707T212959846_20240707T213007846.fits'
 'ch2_cla_l1_20240707T213007846_20240707T213015846.fits'
 'ch2_cla_l1_20240707T213015846_20240707T213023846.fits'
 'ch2_cla_l1_20240707T213023846_20240707T213031846.fits'
 'ch2_cla_l1_20240707T213031846_20240707T213039846.fits'
 'ch2_cla_l1_20240707T213039846_20240707T213047846.fits'
 'ch2_cla_l1_20240707T213047846_20240707T213055846.fits'
 'ch2_cla_l1_20240707T213055846_20240707T213103846.fits'
 'ch2_cla_l1_20240707T213103846_20240707T213111846.fits'
 'ch2_cla_l1_20240707T213111846_20240707T213119846.fits'
 'ch2_cla_l1_20240707T213119846_20240707T213127846.fits'
 'ch2_cla_l1_20240707T213127846_20240707T213135846.fits'
 'ch2_cla_l1_20240707T213135846_20240707T213143846.fits'
 'ch2_cla_l1_20240707T213143846_20240707T213151846.fits'
 'ch2_cla_l1_20240707T213151846_20240707T213159846.fits'
 'ch2_cla_l1_20240707T213159846_20240707T213207846.fits'
 'ch2_cla_l1_20240707T213207846_20240707T213215846.fits'
 'ch2_cla_l1_20240707T213215846_20240707T213223846.fits'
 'ch2_cla_l1_20240707T213223846_20240707T213231846.fits'
 'ch2_cla_l1_20240707T213231846_20240707T213239846.fits'
 'ch2_cla_l1_20240707T213239846_20240707T213247846.fits'
 'ch2_cla_l1_20240707T213247846_20240707T213255846.fits'
 'ch2_cla_l1_20240707T213255846_20240707T213303846.fits'
 'ch2_cla_l1_20240707T213303846_20240707T213311846.fits'
 'ch2_cla_l1_20240707T213311846_20240707T213319846.fits'
 'ch2_cla_l1_20240707T213319846_20240707T213327846.fits'
 'ch2_cla_l1_20240707T213327846_20240707T213335846.fits'
 'ch2_cla_l1_20240707T213335846_20240707T213343846.fits'
 'ch2_cla_l1_20240707T213343846_20240707T213351846.fits'
 'ch2_cla_l1_20240707T213351846_20240707T213359846.fits'
 'ch2_cla_l1_20240707T213359846_20240707T213407846.fits'
 'ch2_cla_l1_20240707T213407846_20240707T213415846.fits'
 'ch2_cla_l1_20240707T213415846_20240707T213423846.fits'
 'ch2_cla_l1_20240707T213423846_20240707T213431846.fits'
 'ch2_cla_l1_20240707T213431846_20240707T213439846.fits'
 'ch2_cla_l1_20240707T213439846_20240707T213447846.fits'
 'ch2_cla_l1_20240707T213447846_20240707T213455846.fits'
 'ch2_cla_l1_20240707T213455846_20240707T213503846.fits'
 'ch2_cla_l1_20240707T213503846_20240707T213511846.fits'
 'ch2_cla_l1_20240707T213511846_20240707T213519846.fits'
 'ch2_cla_l1_20240707T213519846_20240707T213527846.fits'
 'ch2_cla_l1_20240707T213527846_20240707T213535846.fits'
 'ch2_cla_l1_20240707T213535846_20240707T213543846.fits'
 'ch2_cla_l1_20240707T213543846_20240707T213551846.fits']"
"['ch2_cla_l1_20240707T222504899_20240707T222512899.fits'
 'ch2_cla_l1_20240707T222512899_20240707T222520899.fits'
 'ch2_cla_l1_20240707T222520899_20240707T222528899.fits'
 'ch2_cla_l1_20240707T222528899_20240707T222536899.fits'
 'ch2_cla_l1_20240707T222536899_20240707T222544899.fits'
 'ch2_cla_l1_20240707T222544899_20240707T222552899.fits'
 'ch2_cla_l1_20240707T222552899_20240707T222600899.fits'
 'ch2_cla_l1_20240707T222600899_20240707T222608899.fits'
 'ch2_cla_l1_20240707T222608899_20240707T222616899.fits'
 'ch2_cla_l1_20240707T222616899_20240707T222624899.fits'
 'ch2_cla_l1_20240707T222624899_20240707T222632899.fits'
 'ch2_cla_l1_20240707T222632899_20240707T222640899.fits'
 'ch2_cla_l1_20240707T222640899_20240707T222648899.fits'
 'ch2_cla_l1_20240707T222648899_20240707T222656899.fits'
 'ch2_cla_l1_20240707T222656899_20240707T222704899.fits'
 'ch2_cla_l1_20240707T222704899_20240707T222712899.fits'
 'ch2_cla_l1_20240707T222712899_20240707T222720899.fits'
 'ch2_cla_l1_20240707T222720899_20240707T222728899.fits'
 'ch2_cla_l1_20240707T222728899_20240707T222736899.fits'
 'ch2_cla_l1_20240707T222736899_20240707T222744899.fits'
 'ch2_cla_l1_20240707T222744899_20240707T222752899.fits'
 'ch2_cla_l1_20240707T222752899_20240707T222800899.fits'
 'ch2_cla_l1_20240707T222800899_20240707T222808899.fits'
 'ch2_cla_l1_20240707T222808899_20240707T222816899.fits'
 'ch2_cla_l1_20240707T222816899_20240707T222824899.fits'
 'ch2_cla_l1_20240707T222824899_20240707T222832899.fits'
 'ch2_cla_l1_20240707T222832899_20240707T222840899.fits'
 'ch2_cla_l1_20240707T222840899_20240707T222848899.fits'
 'ch2_cla_l1_20240707T222848899_20240707T222856899.fits'
 'ch2_cla_l1_20240707T222856899_20240707T222904899.fits'
 'ch2_cla_l1_20240707T222904899_20240707T222912899.fits'
 'ch2_cla_l1_20240707T222912899_20240707T222920899.fits'
 'ch2_cla_l1_20240707T222920899_20240707T222928899.fits'
 'ch2_cla_l1_20240707T222928899_20240707T222936899.fits'
 'ch2_cla_l1_20240707T222936899_20240707T222944899.fits'
 'ch2_cla_l1_20240707T222944899_20240707T222952899.fits'
 'ch2_cla_l1_20240707T222952899_20240707T223000899.fits'
 'ch2_cla_l1_20240707T223000899_20240707T223008899.fits'
 'ch2_cla_l1_20240707T223008899_20240707T223016899.fits'
 'ch2_cla_l1_20240707T223016899_20240707T223024899.fits'
 'ch2_cla_l1_20240707T223024899_20240707T223032899.fits'
 'ch2_cla_l1_20240707T223032899_20240707T223040899.fits'
 'ch2_cla_l1_20240707T223040899_20240707T223048899.fits'
 'ch2_cla_l1_20240707T223048899_20240707T223056899.fits'
 'ch2_cla_l1_20240707T223056899_20240707T223104899.fits'
 'ch2_cla_l1_20240707T223104899_20240707T223112899.fits'
 'ch2_cla_l1_20240707T223112899_20240707T223120899.fits'
 'ch2_cla_l1_20240707T223120899_20240707T223128899.fits'
 'ch2_cla_l1_20240707T223128899_20240707T223136899.fits'
 'ch2_cla_l1_20240707T223136899_20240707T223144899.fits'
 'ch2_cla_l1_20240707T223144899_20240707T223152899.fits'
 'ch2_cla_l1_20240707T223152899_20240707T223200899.fits'
 'ch2_cla_l1_20240707T223200899_20240707T223208899.fits'
 'ch2_cla_l1_20240707T223208899_20240707T223216899.fits'
 'ch2_cla_l1_20240707T223216899_20240707T223224899.fits'
 'ch2_cla_l1_20240707T223224899_20240707T223232899.fits'
 'ch2_cla_l1_20240707T223232899_20240707T223240899.fits'
 'ch2_cla_l1_20240707T223240899_20240707T223248899.fits'
 'ch2_cla_l1_20240707T223248899_20240707T223256899.fits'
 'ch2_cla_l1_20240707T223256899_20240707T223304899.fits'
 'ch2_cla_l1_20240707T223304899_20240707T223312899.fits'
 'ch2_cla_l1_20240707T223312899_20240707T223320899.fits'
 'ch2_cla_l1_20240707T223320899_20240707T223328899.fits'
 'ch2_cla_l1_20240707T223328899_20240707T223336899.fits'
 'ch2_cla_l1_20240707T223336899_20240707T223344899.fits'
 'ch2_cla_l1_20240707T223344899_20240707T223352899.fits'
 'ch2_cla_l1_20240707T223352899_20240707T223400899.fits'
 'ch2_cla_l1_20240707T223400899_20240707T223408899.fits'
 'ch2_cla_l1_20240707T223408899_20240707T223416899.fits'
 'ch2_cla_l1_20240707T223416899_20240707T223424899.fits'
 'ch2_cla_l1_20240707T223424899_20240707T223432899.fits'
 'ch2_cla_l1_20240707T223432899_20240707T223440899.fits'
 'ch2_cla_l1_20240707T223440899_20240707T223448899.fits'
 'ch2_cla_l1_20240707T223448899_20240707T223456899.fits'
 'ch2_cla_l1_20240707T223456899_20240707T223504899.fits'
 'ch2_cla_l1_20240707T223504899_20240707T223512899.fits'
 'ch2_cla_l1_20240707T223512899_20240707T223520899.fits'
 'ch2_cla_l1_20240707T223520899_20240707T223528899.fits'
 'ch2_cla_l1_20240707T223528899_20240707T223536899.fits'
 'ch2_cla_l1_20240707T223536899_20240707T223544899.fits'
 'ch2_cla_l1_20240707T223544899_20240707T223552899.fits'
 'ch2_cla_l1_20240707T223552899_20240707T223600899.fits'
 'ch2_cla_l1_20240707T223600899_20240707T223608899.fits'
 'ch2_cla_l1_20240707T223608899_20240707T223616899.fits'
 'ch2_cla_l1_20240707T223616899_20240707T223624899.fits'
 'ch2_cla_l1_20240707T223624899_20240707T223632899.fits'
 'ch2_cla_l1_20240707T223632899_20240707T223640899.fits'
 'ch2_cla_l1_20240707T223640899_20240707T223648899.fits'
 'ch2_cla_l1_20240707T223648899_20240707T223656899.fits'
 'ch2_cla_l1_20240707T223656899_20240707T223704899.fits'
 'ch2_cla_l1_20240707T223704899_20240707T223712899.fits'
 'ch2_cla_l1_20240707T223712899_20240707T223720899.fits'
 'ch2_cla_l1_20240707T223720899_20240707T223728899.fits'
 'ch2_cla_l1_20240707T223728899_20240707T223736899.fits'
 'ch2_cla_l1_20240707T223736899_20240707T223744899.fits'
 'ch2_cla_l1_20240707T223744899_20240707T223752899.fits'
 'ch2_cla_l1_20240707T223752899_20240707T223800899.fits'
 'ch2_cla_l1_20240707T223800899_20240707T223808899.fits'
 'ch2_cla_l1_20240707T223808899_20240707T223816899.fits'
 'ch2_cla_l1_20240707T223816899_20240707T223824899.fits'
 'ch2_cla_l1_20240707T223824899_20240707T223832899.fits'
 'ch2_cla_l1_20240707T223832899_20240707T223840899.fits'
 'ch2_cla_l1_20240707T223840899_20240707T223848899.fits'
 'ch2_cla_l1_20240707T223848899_20240707T223856899.fits'
 'ch2_cla_l1_20240707T223856899_20240707T223904899.fits'
 'ch2_cla_l1_20240707T223904899_20240707T223912899.fits'
 'ch2_cla_l1_20240707T223912899_20240707T223920899.fits'
 'ch2_cla_l1_20240707T223920899_20240707T223928899.fits'
 'ch2_cla_l1_20240707T223928899_20240707T223936899.fits'
 'ch2_cla_l1_20240707T223936899_20240707T223944899.fits'
 'ch2_cla_l1_20240707T223944899_20240707T223952899.fits'
 'ch2_cla_l1_20240707T223952899_20240707T224000899.fits'
 'ch2_cla_l1_20240707T224000899_20240707T224008899.fits'
 'ch2_cla_l1_20240707T224008899_20240707T224016899.fits'
 'ch2_cla_l1_20240707T224016899_20240707T224024899.fits'
 'ch2_cla_l1_20240707T224024899_20240707T224032899.fits'
 'ch2_cla_l1_20240707T224032899_20240707T224040899.fits'
 'ch2_cla_l1_20240707T224040899_20240707T224048899.fits'
 'ch2_cla_l1_20240707T224048899_20240707T224056899.fits'
 'ch2_cla_l1_20240707T224056899_20240707T224104899.fits'
 'ch2_cla_l1_20240707T224104899_20240707T224112899.fits'
 'ch2_cla_l1_20240707T224112899_20240707T224120899.fits'
 'ch2_cla_l1_20240707T224120899_20240707T224128899.fits'
 'ch2_cla_l1_20240707T224128899_20240707T224136899.fits'
 'ch2_cla_l1_20240707T224136899_20240707T224144899.fits'
 'ch2_cla_l1_20240707T224144899_20240707T224152899.fits'
 'ch2_cla_l1_20240707T224152899_20240707T224200899.fits'
 'ch2_cla_l1_20240707T224200899_20240707T224208899.fits'
 'ch2_cla_l1_20240707T224208899_20240707T224216899.fits'
 'ch2_cla_l1_20240707T224216899_20240707T224224899.fits'
 'ch2_cla_l1_20240707T224224899_20240707T224232899.fits'
 'ch2_cla_l1_20240707T224232899_20240707T224240899.fits'
 'ch2_cla_l1_20240707T224240899_20240707T224248899.fits'
 'ch2_cla_l1_20240707T224248899_20240707T224256899.fits'
 'ch2_cla_l1_20240707T224256899_20240707T224304899.fits'
 'ch2_cla_l1_20240707T224304899_20240707T224312899.fits'
 'ch2_cla_l1_20240707T224312899_20240707T224320899.fits'
 'ch2_cla_l1_20240707T224320899_20240707T224328899.fits'
 'ch2_cla_l1_20240707T224328899_20240707T224336899.fits'
 'ch2_cla_l1_20240707T224336899_20240707T224344899.fits'
 'ch2_cla_l1_20240707T224344899_20240707T224352899.fits'
 'ch2_cla_l1_20240707T224352899_20240707T224400899.fits'
 'ch2_cla_l1_20240707T224400899_20240707T224408899.fits'
 'ch2_cla_l1_20240707T224408899_20240707T224416899.fits'
 'ch2_cla_l1_20240707T224416899_20240707T224424899.fits'
 'ch2_cla_l1_20240707T224424899_20240707T224432899.fits'
 'ch2_cla_l1_20240707T224432899_20240707T224440899.fits'
 'ch2_cla_l1_20240707T224440899_20240707T224448899.fits'
 'ch2_cla_l1_20240707T224448899_20240707T224456899.fits'
 'ch2_cla_l1_20240707T224456899_20240707T224504899.fits'
 'ch2_cla_l1_20240707T224504899_20240707T224512899.fits'
 'ch2_cla_l1_20240707T224512899_20240707T224520899.fits'
 'ch2_cla_l1_20240707T224520899_20240707T224528899.fits'
 'ch2_cla_l1_20240707T224528899_20240707T224536899.fits'
 'ch2_cla_l1_20240707T224536899_20240707T224544899.fits'
 'ch2_cla_l1_20240707T224544899_20240707T224552899.fits'
 'ch2_cla_l1_20240707T224552899_20240707T224600899.fits'
 'ch2_cla_l1_20240707T224600899_20240707T224608899.fits'
 'ch2_cla_l1_20240707T224608899_20240707T224616899.fits'
 'ch2_cla_l1_20240707T224616899_20240707T224624899.fits'
 'ch2_cla_l1_20240707T224624899_20240707T224632899.fits'
 'ch2_cla_l1_20240707T224632899_20240707T224640899.fits'
 'ch2_cla_l1_20240707T224640899_20240707T224648899.fits'
 'ch2_cla_l1_20240707T224648899_20240707T224656899.fits'
 'ch2_cla_l1_20240707T224656899_20240707T224704899.fits'
 'ch2_cla_l1_20240707T224704899_20240707T224712899.fits'
 'ch2_cla_l1_20240707T224712899_20240707T224720899.fits'
 'ch2_cla_l1_20240707T224720899_20240707T224728899.fits'
 'ch2_cla_l1_20240707T224728899_20240707T224736899.fits'
 'ch2_cla_l1_20240707T224736899_20240707T224744899.fits'
 'ch2_cla_l1_20240707T224744899_20240707T224752899.fits'
 'ch2_cla_l1_20240707T224752899_20240707T224800899.fits'
 'ch2_cla_l1_20240707T224800899_20240707T224808899.fits'
 'ch2_cla_l1_20240707T224808899_20240707T224816899.fits'
 'ch2_cla_l1_20240707T224816899_20240707T224824899.fits'
 'ch2_cla_l1_20240707T224824899_20240707T224832899.fits'
 'ch2_cla_l1_20240707T224832899_20240707T224840899.fits'
 'ch2_cla_l1_20240707T224840899_20240707T224848899.fits'
 'ch2_cla_l1_20240707T224848899_20240707T224856899.fits'
 'ch2_cla_l1_20240707T224856899_20240707T224904899.fits'
 'ch2_cla_l1_20240707T224904899_20240707T224912899.fits'
 'ch2_cla_l1_20240707T224912899_20240707T224920899.fits'
 'ch2_cla_l1_20240707T224920899_20240707T224928899.fits'
 'ch2_cla_l1_20240707T224928899_20240707T224936899.fits'
 'ch2_cla_l1_20240707T224936899_20240707T224944899.fits'
 'ch2_cla_l1_20240707T224944899_20240707T224952899.fits'
 'ch2_cla_l1_20240707T224952899_20240707T225000899.fits'
 'ch2_cla_l1_20240707T225000899_20240707T225008899.fits'
 'ch2_cla_l1_20240707T225008899_20240707T225016899.fits'
 'ch2_cla_l1_20240707T225016899_20240707T225024899.fits'
 'ch2_cla_l1_20240707T225024899_20240707T225032899.fits'
 'ch2_cla_l1_20240707T225032899_20240707T225040899.fits'
 'ch2_cla_l1_20240707T225040899_20240707T225048899.fits'
 'ch2_cla_l1_20240707T225048899_20240707T225056899.fits'
 'ch2_cla_l1_20240707T225056899_20240707T225104899.fits'
 'ch2_cla_l1_20240707T225104899_20240707T225112899.fits'
 'ch2_cla_l1_20240707T225112899_20240707T225120899.fits'
 'ch2_cla_l1_20240707T225120899_20240707T225128899.fits'
 'ch2_cla_l1_20240707T225128899_20240707T225136899.fits'
 'ch2_cla_l1_20240707T225136899_20240707T225144899.fits'
 'ch2_cla_l1_20240707T225144899_20240707T225152899.fits'
 'ch2_cla_l1_20240707T225152899_20240707T225200899.fits'
 'ch2_cla_l1_20240707T225200899_20240707T225208899.fits'
 'ch2_cla_l1_20240707T225208899_20240707T225216899.fits'
 'ch2_cla_l1_20240707T225216899_20240707T225224899.fits'
 'ch2_cla_l1_20240707T225224899_20240707T225232899.fits'
 'ch2_cla_l1_20240707T225232899_20240707T225240899.fits'
 'ch2_cla_l1_20240707T225240899_20240707T225248899.fits'
 'ch2_cla_l1_20240707T225248899_20240707T225256899.fits'
 'ch2_cla_l1_20240707T225256899_20240707T225304899.fits'
 'ch2_cla_l1_20240707T225304899_20240707T225312899.fits'
 'ch2_cla_l1_20240707T225312899_20240707T225320899.fits'
 'ch2_cla_l1_20240707T225320899_20240707T225328899.fits'
 'ch2_cla_l1_20240707T225328899_20240707T225336899.fits'
 'ch2_cla_l1_20240707T225336899_20240707T225344899.fits'
 'ch2_cla_l1_20240707T225344899_20240707T225352899.fits'
 'ch2_cla_l1_20240707T225352899_20240707T225400899.fits'
 'ch2_cla_l1_20240707T225400899_20240707T225408899.fits'
 'ch2_cla_l1_20240707T225408899_20240707T225416899.fits'
 'ch2_cla_l1_20240707T225416899_20240707T225424899.fits'
 'ch2_cla_l1_20240707T225424899_20240707T225432899.fits'
 'ch2_cla_l1_20240707T225432899_20240707T225440899.fits'
 'ch2_cla_l1_20240707T225440899_20240707T225448899.fits'
 'ch2_cla_l1_20240707T225448899_20240707T225456899.fits'
 'ch2_cla_l1_20240707T225456899_20240707T225504899.fits'
 'ch2_cla_l1_20240707T225504899_20240707T225512899.fits'
 'ch2_cla_l1_20240707T225512899_20240707T225520899.fits'
 'ch2_cla_l1_20240707T225520899_20240707T225528899.fits'
 'ch2_cla_l1_20240707T225528899_20240707T225536899.fits'
 'ch2_cla_l1_20240707T225536899_20240707T225544899.fits'
 'ch2_cla_l1_20240707T225544899_20240707T225552899.fits'
 'ch2_cla_l1_20240707T225552899_20240707T225600899.fits'
 'ch2_cla_l1_20240707T225600899_20240707T225608899.fits'
 'ch2_cla_l1_20240707T225608899_20240707T225616899.fits'
 'ch2_cla_l1_20240707T225616899_20240707T225624899.fits'
 'ch2_cla_l1_20240707T225624899_20240707T225632899.fits'
 'ch2_cla_l1_20240707T225632899_20240707T225640899.fits'
 'ch2_cla_l1_20240707T225640899_20240707T225648899.fits'
 'ch2_cla_l1_20240707T225648899_20240707T225656899.fits'
 'ch2_cla_l1_20240707T225656899_20240707T225704899.fits'
 'ch2_cla_l1_20240707T225704899_20240707T225712899.fits'
 'ch2_cla_l1_20240707T225712899_20240707T225720899.fits'
 'ch2_cla_l1_20240707T225720899_20240707T225728899.fits'
 'ch2_cla_l1_20240707T225728899_20240707T225736899.fits'
 'ch2_cla_l1_20240707T225736899_20240707T225744899.fits'
 'ch2_cla_l1_20240707T225744899_20240707T225752899.fits'
 'ch2_cla_l1_20240707T225752899_20240707T225800899.fits'
 'ch2_cla_l1_20240707T225800899_20240707T225808899.fits'
 'ch2_cla_l1_20240707T225808899_20240707T225816899.fits'
 'ch2_cla_l1_20240707T225816899_20240707T225824899.fits'
 'ch2_cla_l1_20240707T225824899_20240707T225832899.fits'
 'ch2_cla_l1_20240707T225832899_20240707T225840899.fits'
 'ch2_cla_l1_20240707T225840899_20240707T225848899.fits'
 'ch2_cla_l1_20240707T225848899_20240707T225856899.fits'
 'ch2_cla_l1_20240707T225856899_20240707T225904899.fits'
 'ch2_cla_l1_20240707T225904899_20240707T225912899.fits'
 'ch2_cla_l1_20240707T225912899_20240707T225920899.fits'
 'ch2_cla_l1_20240707T225920899_20240707T225928899.fits'
 'ch2_cla_l1_20240707T225928899_20240707T225936899.fits'
 'ch2_cla_l1_20240707T225936899_20240707T225944899.fits'
 'ch2_cla_l1_20240707T225944899_20240707T225952899.fits'
 'ch2_cla_l1_20240707T225952899_20240707T230000899.fits'
 'ch2_cla_l1_20240707T230000899_20240707T230008899.fits'
 'ch2_cla_l1_20240707T230008899_20240707T230016899.fits'
 'ch2_cla_l1_20240707T230016899_20240707T230024899.fits'
 'ch2_cla_l1_20240707T230024899_20240707T230032899.fits'
 'ch2_cla_l1_20240707T230032899_20240707T230040899.fits'
 'ch2_cla_l1_20240707T230040899_20240707T230048899.fits'
 'ch2_cla_l1_20240707T230048899_20240707T230056899.fits'
 'ch2_cla_l1_20240707T230056899_20240707T230104899.fits'
 'ch2_cla_l1_20240707T230104899_20240707T230112899.fits'
 'ch2_cla_l1_20240707T230112899_20240707T230120899.fits'
 'ch2_cla_l1_20240707T230120899_20240707T230128899.fits'
 'ch2_cla_l1_20240707T230128899_20240707T230136899.fits'
 'ch2_cla_l1_20240707T230136899_20240707T230144899.fits'
 'ch2_cla_l1_20240707T230144899_20240707T230152899.fits'
 'ch2_cla_l1_20240707T230152899_20240707T230200899.fits'
 'ch2_cla_l1_20240707T230200899_20240707T230208899.fits'
 'ch2_cla_l1_20240707T230208899_20240707T230216899.fits'
 'ch2_cla_l1_20240707T230216899_20240707T230224899.fits'
 'ch2_cla_l1_20240707T230224899_20240707T230232899.fits'
 'ch2_cla_l1_20240707T230232899_20240707T230240899.fits'
 'ch2_cla_l1_20240707T230240899_20240707T230248899.fits'
 'ch2_cla_l1_20240707T230248899_20240707T230256899.fits'
 'ch2_cla_l1_20240707T230256899_20240707T230304899.fits'
 'ch2_cla_l1_20240707T230304899_20240707T230312899.fits'
 'ch2_cla_l1_20240707T230312899_20240707T230320899.fits'
 'ch2_cla_l1_20240707T230320899_20240707T230328899.fits'
 'ch2_cla_l1_20240707T230328899_20240707T230336899.fits'
 'ch2_cla_l1_20240707T230336899_20240707T230344899.fits'
 'ch2_cla_l1_20240707T230344899_20240707T230352899.fits'
 'ch2_cla_l1_20240707T230352899_20240707T230400899.fits'
 'ch2_cla_l1_20240707T230400899_20240707T230408899.fits'
 'ch2_cla_l1_20240707T230408899_20240707T230416899.fits'
 'ch2_cla_l1_20240707T230416899_20240707T230424899.fits'
 'ch2_cla_l1_20240707T230424899_20240707T230432899.fits'
 'ch2_cla_l1_20240707T230432899_20240707T230440899.fits'
 'ch2_cla_l1_20240707T230440899_20240707T230448899.fits'
 'ch2_cla_l1_20240707T230448899_20240707T230456899.fits'
 'ch2_cla_l1_20240707T230456899_20240707T230504899.fits'
 'ch2_cla_l1_20240707T230504899_20240707T230512899.fits'
 'ch2_cla_l1_20240707T230512899_20240707T230520899.fits'
 'ch2_cla_l1_20240707T230520899_20240707T230528899.fits'
 'ch2_cla_l1_20240707T230528899_20240707T230536899.fits'
 'ch2_cla_l1_20240707T230536899_20240707T230544899.fits'
 'ch2_cla_l1_20240707T230544899_20240707T230552899.fits'
 'ch2_cla_l1_20240707T230552899_20240707T230600899.fits'
 'ch2_cla_l1_20240707T230600899_20240707T230608899.fits'
 'ch2_cla_l1_20240707T230608899_20240707T230616899.fits'
 'ch2_cla_l1_20240707T230616899_20240707T230624899.fits'
 'ch2_cla_l1_20240707T230624899_20240707T230632899.fits'
 'ch2_cla_l1_20240707T230632899_20240707T230640899.fits'
 'ch2_cla_l1_20240707T230640899_20240707T230648899.fits'
 'ch2_cla_l1_20240707T230648899_20240707T230656899.fits'
 'ch2_cla_l1_20240707T230656899_20240707T230704899.fits'
 'ch2_cla_l1_20240707T230704899_20240707T230712899.fits'
 'ch2_cla_l1_20240707T230712899_20240707T230720899.fits'
 'ch2_cla_l1_20240707T230720899_20240707T230728899.fits'
 'ch2_cla_l1_20240707T230728899_20240707T230736899.fits'
 'ch2_cla_l1_20240707T230736899_20240707T230744899.fits'
 'ch2_cla_l1_20240707T230744899_20240707T230752899.fits'
 'ch2_cla_l1_20240707T230752899_20240707T230800899.fits'
 'ch2_cla_l1_20240707T230800899_20240707T230808899.fits'
 'ch2_cla_l1_20240707T230808899_20240707T230816899.fits'
 'ch2_cla_l1_20240707T230816899_20240707T230824899.fits'
 'ch2_cla_l1_20240707T230824899_20240707T230832899.fits'
 'ch2_cla_l1_20240707T230832899_20240707T230840899.fits'
 'ch2_cla_l1_20240707T230840899_20240707T230848899.fits'
 'ch2_cla_l1_20240707T230848899_20240707T230856899.fits'
 'ch2_cla_l1_20240707T230856899_20240707T230904899.fits'
 'ch2_cla_l1_20240707T230904899_20240707T230912899.fits'
 'ch2_cla_l1_20240707T230912899_20240707T230920899.fits'
 'ch2_cla_l1_20240707T230920899_20240707T230928899.fits'
 'ch2_cla_l1_20240707T230928899_20240707T230936899.fits'
 'ch2_cla_l1_20240707T230936899_20240707T230944899.fits'
 'ch2_cla_l1_20240707T230944899_20240707T230952899.fits'
 'ch2_cla_l1_20240707T230952899_20240707T231000899.fits'
 'ch2_cla_l1_20240707T231000899_20240707T231008899.fits'
 'ch2_cla_l1_20240707T231008899_20240707T231016899.fits'
 'ch2_cla_l1_20240707T231016899_20240707T231024899.fits'
 'ch2_cla_l1_20240707T231024899_20240707T231032899.fits'
 'ch2_cla_l1_20240707T231032899_20240707T231040899.fits'
 'ch2_cla_l1_20240707T231040899_20240707T231048899.fits'
 'ch2_cla_l1_20240707T231048899_20240707T231056899.fits'
 'ch2_cla_l1_20240707T231056899_20240707T231104899.fits'
 'ch2_cla_l1_20240707T231104899_20240707T231112899.fits'
 'ch2_cla_l1_20240707T231112899_20240707T231120899.fits'
 'ch2_cla_l1_20240707T231120899_20240707T231128899.fits'
 'ch2_cla_l1_20240707T231128899_20240707T231136899.fits'
 'ch2_cla_l1_20240707T231136899_20240707T231144899.fits'
 'ch2_cla_l1_20240707T231144899_20240707T231152899.fits'
 'ch2_cla_l1_20240707T231152899_20240707T231200899.fits'
 'ch2_cla_l1_20240707T231200899_20240707T231208899.fits'
 'ch2_cla_l1_20240707T231208899_20240707T231216899.fits'
 'ch2_cla_l1_20240707T231216899_20240707T231224899.fits'
 'ch2_cla_l1_20240707T231224899_20240707T231232899.fits'
 'ch2_cla_l1_20240707T231232899_20240707T231240899.fits'
 'ch2_cla_l1_20240707T231240899_20240707T231248899.fits'
 'ch2_cla_l1_20240707T231248899_20240707T231256899.fits'
 'ch2_cla_l1_20240707T231256899_20240707T231304899.fits'
 'ch2_cla_l1_20240707T231304899_20240707T231312899.fits'
 'ch2_cla_l1_20240707T231312899_20240707T231320899.fits'
 'ch2_cla_l1_20240707T231320899_20240707T231328899.fits'
 'ch2_cla_l1_20240707T231328899_20240707T231336899.fits'
 'ch2_cla_l1_20240707T231336899_20240707T231344899.fits'
 'ch2_cla_l1_20240707T231344899_20240707T231352899.fits'
 'ch2_cla_l1_20240707T231352899_20240707T231400899.fits'
 'ch2_cla_l1_20240707T231400899_20240707T231408899.fits'
 'ch2_cla_l1_20240707T231408899_20240707T231416899.fits'
 'ch2_cla_l1_20240707T231416899_20240707T231424899.fits'
 'ch2_cla_l1_20240707T231424899_20240707T231432899.fits'
 'ch2_cla_l1_20240707T231432899_20240707T231440899.fits'
 'ch2_cla_l1_20240707T231440899_20240707T231448899.fits'
 'ch2_cla_l1_20240707T231448899_20240707T231456899.fits'
 'ch2_cla_l1_20240707T231456899_20240707T231504899.fits'
 'ch2_cla_l1_20240707T231504899_20240707T231512899.fits'
 'ch2_cla_l1_20240707T231512899_20240707T231520899.fits'
 'ch2_cla_l1_20240707T231520899_20240707T231528899.fits'
 'ch2_cla_l1_20240707T231528899_20240707T231536899.fits'
 'ch2_cla_l1_20240707T231536899_20240707T231544899.fits'
 'ch2_cla_l1_20240707T231544899_20240707T231552899.fits'
 'ch2_cla_l1_20240707T231552899_20240707T231600899.fits'
 'ch2_cla_l1_20240707T231600899_20240707T231608899.fits'
 'ch2_cla_l1_20240707T231608899_20240707T231616899.fits'
 'ch2_cla_l1_20240707T231616899_20240707T231624899.fits'
 'ch2_cla_l1_20240707T231624899_20240707T231632899.fits'
 'ch2_cla_l1_20240707T231632899_20240707T231640899.fits'
 'ch2_cla_l1_20240707T231640899_20240707T231648899.fits'
 'ch2_cla_l1_20240707T231648899_20240707T231656899.fits'
 'ch2_cla_l1_20240707T231656899_20240707T231704899.fits'
 'ch2_cla_l1_20240707T231704899_20240707T231712899.fits'
 'ch2_cla_l1_20240707T231712899_20240707T231720899.fits'
 'ch2_cla_l1_20240707T231720899_20240707T231728899.fits'
 'ch2_cla_l1_20240707T231728899_20240707T231736899.fits'
 'ch2_cla_l1_20240707T231736899_20240707T231744899.fits'
 'ch2_cla_l1_20240707T231744899_20240707T231752899.fits'
 'ch2_cla_l1_20240707T231752899_20240707T231800899.fits'
 'ch2_cla_l1_20240707T231800899_20240707T231808899.fits'
 'ch2_cla_l1_20240707T231808899_20240707T231816899.fits'
 'ch2_cla_l1_20240707T231816899_20240707T231824899.fits'
 'ch2_cla_l1_20240707T231824899_20240707T231832899.fits'
 'ch2_cla_l1_20240707T231832899_20240707T231840899.fits'
 'ch2_cla_l1_20240707T231840899_20240707T231848899.fits'
 'ch2_cla_l1_20240707T231848899_20240707T231856899.fits'
 'ch2_cla_l1_20240707T231856899_20240707T231904899.fits'
 'ch2_cla_l1_20240707T231904899_20240707T231912899.fits'
 'ch2_cla_l1_20240707T231912899_20240707T231920899.fits'
 'ch2_cla_l1_20240707T231920899_20240707T231928899.fits'
 'ch2_cla_l1_20240707T231928899_20240707T231936899.fits'
 'ch2_cla_l1_20240707T231936899_20240707T231944899.fits'
 'ch2_cla_l1_20240707T231944899_20240707T231952899.fits'
 'ch2_cla_l1_20240707T231952899_20240707T232000899.fits'
 'ch2_cla_l1_20240707T232000899_20240707T232008899.fits'
 'ch2_cla_l1_20240707T232008899_20240707T232016899.fits'
 'ch2_cla_l1_20240707T232016899_20240707T232024899.fits'
 'ch2_cla_l1_20240707T232024899_20240707T232032899.fits'
 'ch2_cla_l1_20240707T232032899_20240707T232040899.fits'
 'ch2_cla_l1_20240707T232040899_20240707T232048899.fits'
 'ch2_cla_l1_20240707T232048899_20240707T232056899.fits'
 'ch2_cla_l1_20240707T232056899_20240707T232104899.fits'
 'ch2_cla_l1_20240707T232104899_20240707T232112899.fits'
 'ch2_cla_l1_20240707T232112899_20240707T232120899.fits'
 'ch2_cla_l1_20240707T232120899_20240707T232128899.fits'
 'ch2_cla_l1_20240707T232128899_20240707T232136899.fits'
 'ch2_cla_l1_20240707T232136899_20240707T232144899.fits'
 'ch2_cla_l1_20240707T232144899_20240707T232152899.fits'
 'ch2_cla_l1_20240707T232152899_20240707T232200899.fits'
 'ch2_cla_l1_20240707T232200899_20240707T232208899.fits'
 'ch2_cla_l1_20240707T232208899_20240707T232216899.fits'
 'ch2_cla_l1_20240707T232216899_20240707T232224899.fits'
 'ch2_cla_l1_20240707T232224899_20240707T232232899.fits'
 'ch2_cla_l1_20240707T232232899_20240707T232240899.fits'
 'ch2_cla_l1_20240707T232240899_20240707T232248899.fits'
 'ch2_cla_l1_20240707T232248899_20240707T232256899.fits'
 'ch2_cla_l1_20240707T232256899_20240707T232304899.fits'
 'ch2_cla_l1_20240707T232304899_20240707T232312899.fits'
 'ch2_cla_l1_20240707T232312899_20240707T232320899.fits'
 'ch2_cla_l1_20240707T232320899_20240707T232328899.fits'
 'ch2_cla_l1_20240707T232328899_20240707T232336899.fits'
 'ch2_cla_l1_20240707T232336899_20240707T232344899.fits'
 'ch2_cla_l1_20240707T232344899_20240707T232352899.fits'
 'ch2_cla_l1_20240707T232352899_20240707T232400899.fits'
 'ch2_cla_l1_20240707T232400899_20240707T232408899.fits'
 'ch2_cla_l1_20240707T232408899_20240707T232416899.fits'
 'ch2_cla_l1_20240708T155409911_20240708T155417911.fits'
 'ch2_cla_l1_20240708T155417911_20240708T155425911.fits'
 'ch2_cla_l1_20240708T155425911_20240708T155433911.fits'
 'ch2_cla_l1_20240708T155433911_20240708T155441911.fits'
 'ch2_cla_l1_20240708T155441911_20240708T155449911.fits'
 'ch2_cla_l1_20240708T155449911_20240708T155457911.fits'
 'ch2_cla_l1_20240708T155457911_20240708T155505911.fits'
 'ch2_cla_l1_20240708T155505911_20240708T155513911.fits'
 'ch2_cla_l1_20240708T155513911_20240708T155521911.fits'
 'ch2_cla_l1_20240708T155521911_20240708T155529911.fits'
 'ch2_cla_l1_20240708T155529911_20240708T155537911.fits'
 'ch2_cla_l1_20240708T155537911_20240708T155545911.fits'
 'ch2_cla_l1_20240708T155545911_20240708T155553911.fits'
 'ch2_cla_l1_20240708T155553911_20240708T155601911.fits'
 'ch2_cla_l1_20240708T155601911_20240708T155609911.fits'
 'ch2_cla_l1_20240708T155609911_20240708T155617911.fits'
 'ch2_cla_l1_20240708T155617911_20240708T155625911.fits'
 'ch2_cla_l1_20240708T155625911_20240708T155633911.fits'
 'ch2_cla_l1_20240708T155633911_20240708T155641911.fits'
 'ch2_cla_l1_20240708T155641911_20240708T155649911.fits'
 'ch2_cla_l1_20240708T155649911_20240708T155657911.fits'
 'ch2_cla_l1_20240708T155657911_20240708T155705911.fits'
 'ch2_cla_l1_20240708T155705911_20240708T155713911.fits'
 'ch2_cla_l1_20240708T155713911_20240708T155721911.fits'
 'ch2_cla_l1_20240708T155721911_20240708T155729911.fits'
 'ch2_cla_l1_20240708T155729911_20240708T155737911.fits'
 'ch2_cla_l1_20240708T155737911_20240708T155745911.fits'
 'ch2_cla_l1_20240708T155745911_20240708T155753911.fits'
 'ch2_cla_l1_20240708T155753911_20240708T155801911.fits'
 'ch2_cla_l1_20240708T155801911_20240708T155809911.fits'
 'ch2_cla_l1_20240708T155809911_20240708T155817911.fits'
 'ch2_cla_l1_20240708T155817911_20240708T155825911.fits'
 'ch2_cla_l1_20240708T155825911_20240708T155833911.fits'
 'ch2_cla_l1_20240708T155833911_20240708T155841911.fits'
 'ch2_cla_l1_20240708T155841911_20240708T155849911.fits'
 'ch2_cla_l1_20240708T155849911_20240708T155857911.fits'
 'ch2_cla_l1_20240708T155857911_20240708T155905911.fits'
 'ch2_cla_l1_20240708T155905911_20240708T155913911.fits'
 'ch2_cla_l1_20240708T155913911_20240708T155921911.fits'
 'ch2_cla_l1_20240708T155921911_20240708T155929911.fits'
 'ch2_cla_l1_20240708T155929911_20240708T155937911.fits'
 'ch2_cla_l1_20240708T155937911_20240708T155945911.fits'
 'ch2_cla_l1_20240708T155945911_20240708T155953911.fits'
 'ch2_cla_l1_20240708T155953911_20240708T160001911.fits'
 'ch2_cla_l1_20240708T160001911_20240708T160009911.fits'
 'ch2_cla_l1_20240708T160009911_20240708T160017911.fits'
 'ch2_cla_l1_20240708T160017911_20240708T160025911.fits'
 'ch2_cla_l1_20240708T160025911_20240708T160033911.fits'
 'ch2_cla_l1_20240708T160033911_20240708T160041911.fits'
 'ch2_cla_l1_20240708T160041911_20240708T160049911.fits'
 'ch2_cla_l1_20240708T160049911_20240708T160057911.fits'
 'ch2_cla_l1_20240708T160057911_20240708T160105911.fits'
 'ch2_cla_l1_20240708T160105911_20240708T160113911.fits'
 'ch2_cla_l1_20240708T160113911_20240708T160121911.fits'
 'ch2_cla_l1_20240708T160121911_20240708T160129911.fits'
 'ch2_cla_l1_20240708T160129911_20240708T160137911.fits'
 'ch2_cla_l1_20240708T160137911_20240708T160145911.fits'
 'ch2_cla_l1_20240708T160145911_20240708T160153911.fits'
 'ch2_cla_l1_20240708T160153911_20240708T160201911.fits'
 'ch2_cla_l1_20240708T160201911_20240708T160209911.fits'
 'ch2_cla_l1_20240708T160209911_20240708T160217911.fits'
 'ch2_cla_l1_20240708T160217911_20240708T160225911.fits'
 'ch2_cla_l1_20240708T160225911_20240708T160233911.fits'
 'ch2_cla_l1_20240708T160233911_20240708T160241911.fits'
 'ch2_cla_l1_20240708T160241911_20240708T160249911.fits'
 'ch2_cla_l1_20240708T160249911_20240708T160257911.fits'
 'ch2_cla_l1_20240708T160257911_20240708T160305911.fits'
 'ch2_cla_l1_20240708T160305911_20240708T160313911.fits'
 'ch2_cla_l1_20240708T160313911_20240708T160321911.fits'
 'ch2_cla_l1_20240708T160321911_20240708T160329911.fits'
 'ch2_cla_l1_20240708T160329911_20240708T160337911.fits'
 'ch2_cla_l1_20240708T160337911_20240708T160345911.fits'
 'ch2_cla_l1_20240708T160345911_20240708T160353911.fits'
 'ch2_cla_l1_20240708T160353911_20240708T160401911.fits'
 'ch2_cla_l1_20240708T160401911_20240708T160409911.fits'
 'ch2_cla_l1_20240708T160409911_20240708T160417911.fits'
 'ch2_cla_l1_20240708T160417911_20240708T160425911.fits'
 'ch2_cla_l1_20240708T160425911_20240708T160433911.fits'
 'ch2_cla_l1_20240708T160433911_20240708T160441911.fits'
 'ch2_cla_l1_20240708T160441911_20240708T160449911.fits'
 'ch2_cla_l1_20240708T160449911_20240708T160457911.fits'
 'ch2_cla_l1_20240708T160457911_20240708T160505911.fits'
 'ch2_cla_l1_20240708T160505911_20240708T160513911.fits'
 'ch2_cla_l1_20240708T160513911_20240708T160521911.fits'
 'ch2_cla_l1_20240708T160521911_20240708T160529911.fits'
 'ch2_cla_l1_20240708T160529911_20240708T160537911.fits'
 'ch2_cla_l1_20240708T160537911_20240708T160545911.fits'
 'ch2_cla_l1_20240708T160545911_20240708T160553911.fits'
 'ch2_cla_l1_20240708T160553911_20240708T160601911.fits'
 'ch2_cla_l1_20240708T160601911_20240708T160609911.fits'
 'ch2_cla_l1_20240708T160609911_20240708T160617911.fits'
 'ch2_cla_l1_20240708T160617911_20240708T160625911.fits'
 'ch2_cla_l1_20240708T160625911_20240708T160633911.fits'
 'ch2_cla_l1_20240708T160633911_20240708T160641911.fits'
 'ch2_cla_l1_20240708T160641911_20240708T160649911.fits'
 'ch2_cla_l1_20240708T160649911_20240708T160657911.fits'
 'ch2_cla_l1_20240708T160657911_20240708T160705911.fits'
 'ch2_cla_l1_20240708T160705911_20240708T160713911.fits'
 'ch2_cla_l1_20240708T160713911_20240708T160721911.fits'
 'ch2_cla_l1_20240708T160721911_20240708T160729911.fits'
 'ch2_cla_l1_20240708T160729911_20240708T160737911.fits'
 'ch2_cla_l1_20240708T160737911_20240708T160745911.fits'
 'ch2_cla_l1_20240708T160745911_20240708T160753911.fits'
 'ch2_cla_l1_20240708T160753911_20240708T160801911.fits'
 'ch2_cla_l1_20240708T160801911_20240708T160809911.fits'
 'ch2_cla_l1_20240708T160809911_20240708T160817911.fits'
 'ch2_cla_l1_20240708T160817911_20240708T160825911.fits'
 'ch2_cla_l1_20240708T160825911_20240708T160833911.fits'
 'ch2_cla_l1_20240708T160833911_20240708T160841911.fits'
 'ch2_cla_l1_20240708T160841911_20240708T160849911.fits'
 'ch2_cla_l1_20240708T160849911_20240708T160857911.fits'
 'ch2_cla_l1_20240708T160857911_20240708T160905911.fits'
 'ch2_cla_l1_20240708T160905911_20240708T160913911.fits'
 'ch2_cla_l1_20240708T160913911_20240708T160921911.fits'
 'ch2_cla_l1_20240708T160921911_20240708T160929911.fits'
 'ch2_cla_l1_20240708T160929911_20240708T160937911.fits'
 'ch2_cla_l1_20240708T160937911_20240708T160945911.fits'
 'ch2_cla_l1_20240708T160945911_20240708T160953911.fits'
 'ch2_cla_l1_20240708T160953911_20240708T161001911.fits'
 'ch2_cla_l1_20240708T161001911_20240708T161009911.fits'
 'ch2_cla_l1_20240708T161009911_20240708T161017911.fits'
 'ch2_cla_l1_20240708T161017911_20240708T161025911.fits'
 'ch2_cla_l1_20240708T161025911_20240708T161033911.fits'
 'ch2_cla_l1_20240708T161033911_20240708T161041911.fits'
 'ch2_cla_l1_20240708T161041911_20240708T161049911.fits'
 'ch2_cla_l1_20240708T161049911_20240708T161057911.fits'
 'ch2_cla_l1_20240708T161057911_20240708T161105911.fits'
 'ch2_cla_l1_20240708T161105911_20240708T161113911.fits'
 'ch2_cla_l1_20240708T161113911_20240708T161121911.fits'
 'ch2_cla_l1_20240708T161121911_20240708T161129911.fits'
 'ch2_cla_l1_20240708T161129911_20240708T161137911.fits'
 'ch2_cla_l1_20240708T161137911_20240708T161145911.fits'
 'ch2_cla_l1_20240708T161145911_20240708T161153911.fits'
 'ch2_cla_l1_20240708T161153911_20240708T161201911.fits'
 'ch2_cla_l1_20240708T161201911_20240708T161209911.fits'
 'ch2_cla_l1_20240708T161209911_20240708T161217911.fits'
 'ch2_cla_l1_20240708T161217911_20240708T161225911.fits'
 'ch2_cla_l1_20240708T161225911_20240708T161233911.fits'
 'ch2_cla_l1_20240708T161233911_20240708T161241911.fits'
 'ch2_cla_l1_20240708T161241911_20240708T161249911.fits'
 'ch2_cla_l1_20240708T161249911_20240708T161257911.fits'
 'ch2_cla_l1_20240708T161257911_20240708T161305911.fits'
 'ch2_cla_l1_20240708T161305911_20240708T161313911.fits'
 'ch2_cla_l1_20240708T161313911_20240708T161321911.fits'
 'ch2_cla_l1_20240708T161321911_20240708T161329911.fits'
 'ch2_cla_l1_20240708T161329911_20240708T161337911.fits'
 'ch2_cla_l1_20240708T161337911_20240708T161345911.fits'
 'ch2_cla_l1_20240708T161345911_20240708T161353911.fits'
 'ch2_cla_l1_20240708T161353911_20240708T161401911.fits'
 'ch2_cla_l1_20240708T161401911_20240708T161409911.fits'
 'ch2_cla_l1_20240708T161409911_20240708T161417911.fits'
 'ch2_cla_l1_20240708T161417911_20240708T161425911.fits'
 'ch2_cla_l1_20240708T161425911_20240708T161433911.fits'
 'ch2_cla_l1_20240708T161433911_20240708T161441911.fits'
 'ch2_cla_l1_20240708T161441911_20240708T161449911.fits'
 'ch2_cla_l1_20240708T161449911_20240708T161457911.fits'
 'ch2_cla_l1_20240708T161457911_20240708T161505911.fits'
 'ch2_cla_l1_20240708T161505911_20240708T161513911.fits'
 'ch2_cla_l1_20240708T161513911_20240708T161521911.fits'
 'ch2_cla_l1_20240708T161521911_20240708T161529911.fits'
 'ch2_cla_l1_20240708T161529911_20240708T161537911.fits'
 'ch2_cla_l1_20240708T161537911_20240708T161545911.fits'
 'ch2_cla_l1_20240708T161545911_20240708T161553911.fits'
 'ch2_cla_l1_20240708T161553911_20240708T161601911.fits'
 'ch2_cla_l1_20240708T161601911_20240708T161609911.fits'
 'ch2_cla_l1_20240708T161609911_20240708T161617911.fits'
 'ch2_cla_l1_20240708T161617911_20240708T161625911.fits'
 'ch2_cla_l1_20240708T161625911_20240708T161633911.fits'
 'ch2_cla_l1_20240708T161633911_20240708T161641911.fits'
 'ch2_cla_l1_20240708T161641911_20240708T161649911.fits'
 'ch2_cla_l1_20240708T161649911_20240708T161657911.fits'
 'ch2_cla_l1_20240708T161657911_20240708T161705911.fits'
 'ch2_cla_l1_20240708T161705911_20240708T161713911.fits'
 'ch2_cla_l1_20240708T161713911_20240708T161721911.fits'
 'ch2_cla_l1_20240708T161721911_20240708T161729911.fits'
 'ch2_cla_l1_20240708T161729911_20240708T161737911.fits'
 'ch2_cla_l1_20240708T161737911_20240708T161745911.fits'
 'ch2_cla_l1_20240708T161745911_20240708T161753911.fits'
 'ch2_cla_l1_20240708T161753911_20240708T161801911.fits'
 'ch2_cla_l1_20240708T161801911_20240708T161809911.fits'
 'ch2_cla_l1_20240708T161809911_20240708T161817911.fits'
 'ch2_cla_l1_20240708T161817911_20240708T161825911.fits'
 'ch2_cla_l1_20240708T161825911_20240708T161833911.fits'
 'ch2_cla_l1_20240708T161833911_20240708T161841911.fits'
 'ch2_cla_l1_20240708T161841911_20240708T161849911.fits'
 'ch2_cla_l1_20240708T161849911_20240708T161857911.fits'
 'ch2_cla_l1_20240708T161857911_20240708T161905911.fits'
 'ch2_cla_l1_20240708T161905911_20240708T161913911.fits'
 'ch2_cla_l1_20240708T161913911_20240708T161921911.fits'
 'ch2_cla_l1_20240708T161921911_20240708T161929911.fits'
 'ch2_cla_l1_20240708T161929911_20240708T161937911.fits'
 'ch2_cla_l1_20240708T161937911_20240708T161945911.fits'
 'ch2_cla_l1_20240708T161945911_20240708T161953911.fits'
 'ch2_cla_l1_20240708T161953911_20240708T162001911.fits'
 'ch2_cla_l1_20240708T162001911_20240708T162009911.fits'
 'ch2_cla_l1_20240708T162009911_20240708T162017911.fits'
 'ch2_cla_l1_20240708T162017911_20240708T162025911.fits'
 'ch2_cla_l1_20240708T162025911_20240708T162033911.fits'
 'ch2_cla_l1_20240708T162033911_20240708T162041911.fits'
 'ch2_cla_l1_20240708T162041911_20240708T162049911.fits'
 'ch2_cla_l1_20240708T162049911_20240708T162057911.fits'
 'ch2_cla_l1_20240708T162057911_20240708T162105911.fits'
 'ch2_cla_l1_20240708T162105911_20240708T162113911.fits'
 'ch2_cla_l1_20240708T162113911_20240708T162121911.fits'
 'ch2_cla_l1_20240708T162121911_20240708T162129911.fits'
 'ch2_cla_l1_20240708T162129911_20240708T162137911.fits'
 'ch2_cla_l1_20240708T162137911_20240708T162145911.fits'
 'ch2_cla_l1_20240708T162145911_20240708T162153911.fits'
 'ch2_cla_l1_20240708T162153911_20240708T162201911.fits'
 'ch2_cla_l1_20240708T162201911_20240708T162209911.fits'
 'ch2_cla_l1_20240708T162209911_20240708T162217911.fits'
 'ch2_cla_l1_20240708T162217911_20240708T162225911.fits'
 'ch2_cla_l1_20240708T162225911_20240708T162233911.fits'
 'ch2_cla_l1_20240708T162233911_20240708T162241911.fits'
 'ch2_cla_l1_20240708T162241911_20240708T162249911.fits'
 'ch2_cla_l1_20240708T162249911_20240708T162257911.fits'
 'ch2_cla_l1_20240708T162257911_20240708T162305911.fits'
 'ch2_cla_l1_20240708T162305911_20240708T162313911.fits'
 'ch2_cla_l1_20240708T162313911_20240708T162321911.fits'
 'ch2_cla_l1_20240708T162321911_20240708T162329911.fits'
 'ch2_cla_l1_20240708T162329911_20240708T162337911.fits'
 'ch2_cla_l1_20240708T162337911_20240708T162345911.fits'
 'ch2_cla_l1_20240708T162345911_20240708T162353911.fits'
 'ch2_cla_l1_20240708T162353911_20240708T162401911.fits'
 'ch2_cla_l1_20240708T162401911_20240708T162409911.fits'
 'ch2_cla_l1_20240708T162409911_20240708T162417911.fits'
 'ch2_cla_l1_20240708T162417911_20240708T162425911.fits'
 'ch2_cla_l1_20240708T162425911_20240708T162433911.fits'
 'ch2_cla_l1_20240708T162433911_20240708T162441911.fits'
 'ch2_cla_l1_20240708T162441911_20240708T162449911.fits'
 'ch2_cla_l1_20240708T162449911_20240708T162457911.fits'
 'ch2_cla_l1_20240708T162457911_20240708T162505911.fits'
 'ch2_cla_l1_20240708T162505911_20240708T162513911.fits'
 'ch2_cla_l1_20240708T162513911_20240708T162521911.fits'
 'ch2_cla_l1_20240708T162521911_20240708T162529911.fits'
 'ch2_cla_l1_20240708T162529911_20240708T162537911.fits'
 'ch2_cla_l1_20240708T162537911_20240708T162545911.fits'
 'ch2_cla_l1_20240708T162545911_20240708T162553911.fits'
 'ch2_cla_l1_20240708T162553911_20240708T162601911.fits'
 'ch2_cla_l1_20240708T162601911_20240708T162609911.fits'
 'ch2_cla_l1_20240708T162609911_20240708T162617911.fits'
 'ch2_cla_l1_20240708T162617911_20240708T162625911.fits'
 'ch2_cla_l1_20240708T162625911_20240708T162633911.fits'
 'ch2_cla_l1_20240708T162633911_20240708T162641911.fits'
 'ch2_cla_l1_20240708T162641911_20240708T162649911.fits'
 'ch2_cla_l1_20240708T162649911_20240708T162657911.fits'
 'ch2_cla_l1_20240708T162657911_20240708T162705911.fits'
 'ch2_cla_l1_20240708T162705911_20240708T162713911.fits'
 'ch2_cla_l1_20240708T162713911_20240708T162721911.fits'
 'ch2_cla_l1_20240708T162721911_20240708T162729911.fits'
 'ch2_cla_l1_20240708T162729911_20240708T162737911.fits'
 'ch2_cla_l1_20240708T162737911_20240708T162745911.fits'
 'ch2_cla_l1_20240708T162745911_20240708T162753911.fits'
 'ch2_cla_l1_20240708T162753911_20240708T162801911.fits'
 'ch2_cla_l1_20240708T162801911_20240708T162809911.fits'
 'ch2_cla_l1_20240708T162809911_20240708T162817911.fits'
 'ch2_cla_l1_20240708T162817911_20240708T162825911.fits'
 'ch2_cla_l1_20240708T162825911_20240708T162833911.fits'
 'ch2_cla_l1_20240708T162833911_20240708T162841911.fits'
 'ch2_cla_l1_20240708T162841911_20240708T162849911.fits'
 'ch2_cla_l1_20240708T162849911_20240708T162857911.fits'
 'ch2_cla_l1_20240708T162857911_20240708T162905911.fits'
 'ch2_cla_l1_20240708T162905911_20240708T162913911.fits'
 'ch2_cla_l1_20240708T162913911_20240708T162921911.fits'
 'ch2_cla_l1_20240708T162921911_20240708T162929911.fits'
 'ch2_cla_l1_20240708T162929911_20240708T162937911.fits'
 'ch2_cla_l1_20240708T162937911_20240708T162945911.fits'
 'ch2_cla_l1_20240708T162945911_20240708T162953911.fits'
 'ch2_cla_l1_20240708T162953911_20240708T163001911.fits'
 'ch2_cla_l1_20240708T163001911_20240708T163009911.fits'
 'ch2_cla_l1_20240708T163009911_20240708T163017911.fits'
 'ch2_cla_l1_20240708T163017911_20240708T163025911.fits'
 'ch2_cla_l1_20240708T163025911_20240708T163033911.fits'
 'ch2_cla_l1_20240708T163033911_20240708T163041911.fits'
 'ch2_cla_l1_20240708T163041911_20240708T163049911.fits'
 'ch2_cla_l1_20240708T163049911_20240708T163057911.fits'
 'ch2_cla_l1_20240708T163057911_20240708T163105911.fits'
 'ch2_cla_l1_20240708T163105911_20240708T163113911.fits'
 'ch2_cla_l1_20240708T163113911_20240708T163121911.fits'
 'ch2_cla_l1_20240708T163121911_20240708T163129911.fits'
 'ch2_cla_l1_20240708T163129911_20240708T163137911.fits'
 'ch2_cla_l1_20240708T163137911_20240708T163145911.fits'
 'ch2_cla_l1_20240708T163145911_20240708T163153911.fits'
 'ch2_cla_l1_20240708T163153911_20240708T163201911.fits'
 'ch2_cla_l1_20240708T163201911_20240708T163209911.fits'
 'ch2_cla_l1_20240708T163209911_20240708T163217911.fits'
 'ch2_cla_l1_20240708T163217911_20240708T163225911.fits'
 'ch2_cla_l1_20240708T163225911_20240708T163233911.fits'
 'ch2_cla_l1_20240708T163233911_20240708T163241911.fits'
 'ch2_cla_l1_20240708T163241911_20240708T163249911.fits'
 'ch2_cla_l1_20240708T163249911_20240708T163257911.fits'
 'ch2_cla_l1_20240708T163257911_20240708T163305911.fits'
 'ch2_cla_l1_20240708T163305911_20240708T163313911.fits'
 'ch2_cla_l1_20240708T163313911_20240708T163321911.fits'
 'ch2_cla_l1_20240708T163321911_20240708T163329911.fits'
 'ch2_cla_l1_20240708T163329911_20240708T163337911.fits'
 'ch2_cla_l1_20240708T163337911_20240708T163345911.fits'
 'ch2_cla_l1_20240708T163345911_20240708T163353911.fits'
 'ch2_cla_l1_20240708T163353911_20240708T163401911.fits'
 'ch2_cla_l1_20240708T163401911_20240708T163409911.fits'
 'ch2_cla_l1_20240708T163409911_20240708T163417911.fits'
 'ch2_cla_l1_20240708T163417911_20240708T163425911.fits'
 'ch2_cla_l1_20240708T163425911_20240708T163433911.fits'
 'ch2_cla_l1_20240708T163433911_20240708T163441911.fits'
 'ch2_cla_l1_20240708T163441911_20240708T163449911.fits'
 'ch2_cla_l1_20240708T163449911_20240708T163457911.fits'
 'ch2_cla_l1_20240708T163457911_20240708T163505911.fits'
 'ch2_cla_l1_20240708T163505911_20240708T163513911.fits'
 'ch2_cla_l1_20240708T163513911_20240708T163521911.fits'
 'ch2_cla_l1_20240708T163521911_20240708T163529911.fits'
 'ch2_cla_l1_20240708T163529911_20240708T163537911.fits'
 'ch2_cla_l1_20240708T163537911_20240708T163545911.fits'
 'ch2_cla_l1_20240708T163545911_20240708T163553911.fits'
 'ch2_cla_l1_20240708T163553911_20240708T163601911.fits'
 'ch2_cla_l1_20240708T163601911_20240708T163609911.fits'
 'ch2_cla_l1_20240708T163609911_20240708T163617911.fits'
 'ch2_cla_l1_20240708T163617911_20240708T163625911.fits'
 'ch2_cla_l1_20240708T163625911_20240708T163633911.fits'
 'ch2_cla_l1_20240708T163633911_20240708T163641911.fits'
 'ch2_cla_l1_20240708T163641911_20240708T163649911.fits'
 'ch2_cla_l1_20240708T163649911_20240708T163657911.fits'
 'ch2_cla_l1_20240708T163657911_20240708T163705911.fits'
 'ch2_cla_l1_20240708T163705911_20240708T163713911.fits'
 'ch2_cla_l1_20240708T163713911_20240708T163721911.fits'
 'ch2_cla_l1_20240708T163721911_20240708T163729911.fits'
 'ch2_cla_l1_20240708T163729911_20240708T163737911.fits'
 'ch2_cla_l1_20240708T163737911_20240708T163745911.fits'
 'ch2_cla_l1_20240708T163745911_20240708T163753911.fits'
 'ch2_cla_l1_20240708T163753911_20240708T163801911.fits'
 'ch2_cla_l1_20240708T163801911_20240708T163809911.fits'
 'ch2_cla_l1_20240708T163809911_20240708T163817911.fits'
 'ch2_cla_l1_20240708T163817911_20240708T163825911.fits'
 'ch2_cla_l1_20240708T163825911_20240708T163833911.fits'
 'ch2_cla_l1_20240708T163833911_20240708T163841911.fits'
 'ch2_cla_l1_20240708T163841911_20240708T163849911.fits'
 'ch2_cla_l1_20240708T163849911_20240708T163857911.fits'
 'ch2_cla_l1_20240708T163857911_20240708T163905911.fits'
 'ch2_cla_l1_20240708T163905911_20240708T163913911.fits'
 'ch2_cla_l1_20240708T163913911_20240708T163921911.fits'
 'ch2_cla_l1_20240708T163921911_20240708T163929911.fits'
 'ch2_cla_l1_20240708T163929911_20240708T163937911.fits'
 'ch2_cla_l1_20240708T163937911_20240708T163945911.fits'
 'ch2_cla_l1_20240708T163945911_20240708T163953911.fits'
 'ch2_cla_l1_20240708T163953911_20240708T164001911.fits'
 'ch2_cla_l1_20240708T164001911_20240708T164009911.fits'
 'ch2_cla_l1_20240708T164009911_20240708T164017911.fits'
 'ch2_cla_l1_20240708T164017911_20240708T164025911.fits'
 'ch2_cla_l1_20240708T164025911_20240708T164033911.fits'
 'ch2_cla_l1_20240708T164033911_20240708T164041911.fits'
 'ch2_cla_l1_20240708T164041911_20240708T164049911.fits'
 'ch2_cla_l1_20240708T164049911_20240708T164057911.fits'
 'ch2_cla_l1_20240708T164057911_20240708T164105911.fits'
 'ch2_cla_l1_20240708T164105911_20240708T164113911.fits'
 'ch2_cla_l1_20240708T164113911_20240708T164121911.fits'
 'ch2_cla_l1_20240708T164121911_20240708T164129911.fits'
 'ch2_cla_l1_20240708T164129911_20240708T164137911.fits'
 'ch2_cla_l1_20240708T164137911_20240708T164145911.fits'
 'ch2_cla_l1_20240708T164145911_20240708T164153911.fits'
 'ch2_cla_l1_20240708T164153911_20240708T164201911.fits'
 'ch2_cla_l1_20240708T164201911_20240708T164209911.fits'
 'ch2_cla_l1_20240708T164209911_20240708T164217911.fits'
 'ch2_cla_l1_20240708T164217911_20240708T164225911.fits'
 'ch2_cla_l1_20240708T164225911_20240708T164233911.fits'
 'ch2_cla_l1_20240708T164233911_20240708T164241911.fits'
 'ch2_cla_l1_20240708T164241911_20240708T164249911.fits'
 'ch2_cla_l1_20240708T164249911_20240708T164257911.fits'
 'ch2_cla_l1_20240708T164257911_20240708T164305911.fits'
 'ch2_cla_l1_20240708T164305911_20240708T164313911.fits'
 'ch2_cla_l1_20240708T164313911_20240708T164321911.fits'
 'ch2_cla_l1_20240708T164321911_20240708T164329911.fits'
 'ch2_cla_l1_20240708T164329911_20240708T164337911.fits'
 'ch2_cla_l1_20240708T164337911_20240708T164345911.fits'
 'ch2_cla_l1_20240708T164345911_20240708T164353911.fits'
 'ch2_cla_l1_20240708T164353911_20240708T164401911.fits'
 'ch2_cla_l1_20240708T164401911_20240708T164409911.fits'
 'ch2_cla_l1_20240708T164409911_20240708T164417911.fits'
 'ch2_cla_l1_20240708T164417911_20240708T164425911.fits'
 'ch2_cla_l1_20240708T164425911_20240708T164433911.fits'
 'ch2_cla_l1_20240708T164433911_20240708T164441911.fits'
 'ch2_cla_l1_20240708T164441911_20240708T164449911.fits'
 'ch2_cla_l1_20240708T164449911_20240708T164457911.fits'
 'ch2_cla_l1_20240708T164457911_20240708T164505911.fits'
 'ch2_cla_l1_20240708T164505911_20240708T164513911.fits'
 'ch2_cla_l1_20240708T164513911_20240708T164521911.fits'
 'ch2_cla_l1_20240708T164521911_20240708T164529911.fits'
 'ch2_cla_l1_20240708T164529911_20240708T164537911.fits'
 'ch2_cla_l1_20240708T164537911_20240708T164545911.fits'
 'ch2_cla_l1_20240708T164545911_20240708T164553911.fits'
 'ch2_cla_l1_20240708T164553911_20240708T164601911.fits'
 'ch2_cla_l1_20240708T164601911_20240708T164609911.fits'
 'ch2_cla_l1_20240708T164609911_20240708T164617911.fits'
 'ch2_cla_l1_20240708T164617911_20240708T164625911.fits'
 'ch2_cla_l1_20240708T164625911_20240708T164633911.fits'
 'ch2_cla_l1_20240708T164633911_20240708T164641911.fits'
 'ch2_cla_l1_20240708T164641911_20240708T164649911.fits'
 'ch2_cla_l1_20240708T164649911_20240708T164657911.fits'
 'ch2_cla_l1_20240708T164657911_20240708T164705911.fits'
 'ch2_cla_l1_20240708T164705911_20240708T164713911.fits'
 'ch2_cla_l1_20240708T164713911_20240708T164721911.fits'
 'ch2_cla_l1_20240708T164721911_20240708T164729911.fits'
 'ch2_cla_l1_20240708T164729911_20240708T164737911.fits'
 'ch2_cla_l1_20240708T164737911_20240708T164745911.fits'
 'ch2_cla_l1_20240708T164745911_20240708T164753911.fits'
 'ch2_cla_l1_20240708T164753911_20240708T164801911.fits'
 'ch2_cla_l1_20240708T164801911_20240708T164809911.fits'
 'ch2_cla_l1_20240708T164809911_20240708T164817911.fits'
 'ch2_cla_l1_20240708T164817911_20240708T164825911.fits'
 'ch2_cla_l1_20240708T164825911_20240708T164833911.fits'
 'ch2_cla_l1_20240708T164833911_20240708T164841911.fits'
 'ch2_cla_l1_20240708T164841911_20240708T164849911.fits'
 'ch2_cla_l1_20240708T164849911_20240708T164857911.fits'
 'ch2_cla_l1_20240708T164857911_20240708T164905911.fits'
 'ch2_cla_l1_20240708T164905911_20240708T164913911.fits'
 'ch2_cla_l1_20240708T164913911_20240708T164921911.fits'
 'ch2_cla_l1_20240708T164921911_20240708T164929911.fits'
 'ch2_cla_l1_20240708T164929911_20240708T164937911.fits'
 'ch2_cla_l1_20240708T164937911_20240708T164945911.fits'
 'ch2_cla_l1_20240708T164945911_20240708T164953911.fits'
 'ch2_cla_l1_20240708T164953911_20240708T165001911.fits'
 'ch2_cla_l1_20240708T165001911_20240708T165009911.fits'
 'ch2_cla_l1_20240708T165009911_20240708T165017911.fits'
 'ch2_cla_l1_20240708T165017911_20240708T165025911.fits'
 'ch2_cla_l1_20240708T165025911_20240708T165033911.fits'
 'ch2_cla_l1_20240708T165033911_20240708T165041911.fits'
 'ch2_cla_l1_20240708T165041911_20240708T165049911.fits'
 'ch2_cla_l1_20240708T165049911_20240708T165057911.fits'
 'ch2_cla_l1_20240708T165057911_20240708T165105911.fits'
 'ch2_cla_l1_20240708T165105911_20240708T165113911.fits'
 'ch2_cla_l1_20240708T165113911_20240708T165121911.fits'
 'ch2_cla_l1_20240708T165121911_20240708T165129911.fits'
 'ch2_cla_l1_20240708T165129911_20240708T165137911.fits'
 'ch2_cla_l1_20240708T165137911_20240708T165145911.fits'
 'ch2_cla_l1_20240708T165145911_20240708T165153911.fits'
 'ch2_cla_l1_20240708T165153911_20240708T165201911.fits'
 'ch2_cla_l1_20240708T165201911_20240708T165209911.fits'
 'ch2_cla_l1_20240708T165209911_20240708T165217911.fits'
 'ch2_cla_l1_20240708T165217911_20240708T165225911.fits'
 'ch2_cla_l1_20240708T165225911_20240708T165233911.fits'
 'ch2_cla_l1_20240708T165233911_20240708T165241911.fits'
 'ch2_cla_l1_20240708T165241911_20240708T165249911.fits'
 'ch2_cla_l1_20240708T165249911_20240708T165257911.fits'
 'ch2_cla_l1_20240708T165257911_20240708T165305911.fits'
 'ch2_cla_l1_20240708T165305911_20240708T165313911.fits'
 'ch2_cla_l1_20240708T165313911_20240708T165321911.fits']","['ch2_cla_l1_20240707T213551846_20240707T213558643.fits'
 'ch2_cla_l1_20240707T221840899_20240707T221848899.fits'
 'ch2_cla_l1_20240707T221848899_20240707T221856899.fits'
 'ch2_cla_l1_20240707T221856899_20240707T221904899.fits'
 'ch2_cla_l1_20240707T221904899_20240707T221912899.fits'
 'ch2_cla_l1_20240707T221912899_20240707T221920899.fits'
 'ch2_cla_l1_20240707T221920899_20240707T221928899.fits'
 'ch2_cla_l1_20240707T221928899_20240707T221936899.fits'
 'ch2_cla_l1_20240707T221936899_20240707T221944899.fits'
 'ch2_cla_l1_20240707T221944899_20240707T221952899.fits'
 'ch2_cla_l1_20240707T221952899_20240707T222000899.fits'
 'ch2_cla_l1_20240707T222000899_20240707T222008899.fits'
 'ch2_cla_l1_20240707T222008899_20240707T222016899.fits'
 'ch2_cla_l1_20240707T222016899_20240707T222024899.fits'
 'ch2_cla_l1_20240707T222024899_20240707T222032899.fits'
 'ch2_cla_l1_20240707T222032899_20240707T222040899.fits'
 'ch2_cla_l1_20240707T222040899_20240707T222048899.fits'
 'ch2_cla_l1_20240707T222048899_20240707T222056899.fits'
 'ch2_cla_l1_20240707T222056899_20240707T222104899.fits'
 'ch2_cla_l1_20240707T222104899_20240707T222112899.fits'
 'ch2_cla_l1_20240707T222112899_20240707T222120899.fits'
 'ch2_cla_l1_20240707T222120899_20240707T222128899.fits'
 'ch2_cla_l1_20240707T222128899_20240707T222136899.fits'
 'ch2_cla_l1_20240707T222136899_20240707T222144899.fits'
 'ch2_cla_l1_20240707T222144899_20240707T222152899.fits'
 'ch2_cla_l1_20240707T222152899_20240707T222200899.fits'
 'ch2_cla_l1_20240707T222200899_20240707T222208899.fits'
 'ch2_cla_l1_20240707T222208899_20240707T222216899.fits'
 'ch2_cla_l1_20240707T222216899_20240707T222224899.fits'
 'ch2_cla_l1_20240707T222224899_20240707T222232899.fits'
 'ch2_cla_l1_20240707T222232899_20240707T222240899.fits'
 'ch2_cla_l1_20240707T222240899_20240707T222248899.fits'
 'ch2_cla_l1_20240707T222248899_20240707T222256899.fits'
 'ch2_cla_l1_20240707T222256899_20240707T222304899.fits'
 'ch2_cla_l1_20240707T222304899_20240707T222312899.fits'
 'ch2_cla_l1_20240707T222312899_20240707T222320899.fits'
 'ch2_cla_l1_20240707T222320899_20240707T222328899.fits'
 'ch2_cla_l1_20240707T222328899_20240707T222336899.fits'
 'ch2_cla_l1_20240707T222336899_20240707T222344899.fits'
 'ch2_cla_l1_20240707T222344899_20240707T222352899.fits'
 'ch2_cla_l1_20240707T222352899_20240707T222400899.fits'
 'ch2_cla_l1_20240707T222400899_20240707T222408899.fits'
 'ch2_cla_l1_20240707T222408899_20240707T222416899.fits'
 'ch2_cla_l1_20240707T222416899_20240707T222424899.fits'
 'ch2_cla_l1_20240707T222424899_20240707T222432899.fits'
 'ch2_cla_l1_20240707T222432899_20240707T222440899.fits'
 'ch2_cla_l1_20240707T222440899_20240707T222448899.fits'
 'ch2_cla_l1_20240707T232432899_20240707T232440899.fits'
 'ch2_cla_l1_20240707T232440899_20240707T232448899.fits'
 'ch2_cla_l1_20240707T232448899_20240707T232456899.fits'
 'ch2_cla_l1_20240707T232456899_20240707T232504899.fits'
 'ch2_cla_l1_20240707T232504899_20240707T232512899.fits'
 'ch2_cla_l1_20240707T232512899_20240707T232520899.fits'
 'ch2_cla_l1_20240707T232520899_20240707T232528899.fits'
 'ch2_cla_l1_20240707T232528899_20240707T232536899.fits'
 'ch2_cla_l1_20240707T232536899_20240707T232544899.fits'
 'ch2_cla_l1_20240707T232544899_20240707T232552899.fits'
 'ch2_cla_l1_20240707T232552899_20240707T232600899.fits'
 'ch2_cla_l1_20240707T232600899_20240707T232608899.fits'
 'ch2_cla_l1_20240707T232608899_20240707T232616899.fits'
 'ch2_cla_l1_20240707T232616899_20240707T232624899.fits'
 'ch2_cla_l1_20240707T232624899_20240707T232632899.fits'
 'ch2_cla_l1_20240707T232632899_20240707T232640899.fits'
 'ch2_cla_l1_20240707T232640899_20240707T232648899.fits'
 'ch2_cla_l1_20240707T232648899_20240707T232656899.fits'
 'ch2_cla_l1_20240707T232656899_20240707T232704899.fits'
 'ch2_cla_l1_20240707T232704899_20240707T232712899.fits'
 'ch2_cla_l1_20240707T232712899_20240707T232720899.fits'
 'ch2_cla_l1_20240707T232720899_20240707T232728899.fits'
 'ch2_cla_l1_20240707T232728899_20240707T232736899.fits'
 'ch2_cla_l1_20240707T232736899_20240707T232744899.fits'
 'ch2_cla_l1_20240707T232744899_20240707T232752899.fits'
 'ch2_cla_l1_20240707T232752899_20240707T232800899.fits'
 'ch2_cla_l1_20240707T232800899_20240707T232808899.fits'
 'ch2_cla_l1_20240707T232808899_20240707T232816899.fits'
 'ch2_cla_l1_20240707T232816899_20240707T232824899.fits'
 'ch2_cla_l1_20240707T232824899_20240707T232832899.fits'
 'ch2_cla_l1_20240707T232832899_20240707T232840899.fits'
 'ch2_cla_l1_20240707T232840899_20240707T232848899.fits'
 'ch2_cla_l1_20240707T232848899_20240707T232856899.fits'
 'ch2_cla_l1_20240707T232856899_20240707T232904899.fits'
 'ch2_cla_l1_20240707T232904899_20240707T232912899.fits'
 'ch2_cla_l1_20240707T232912899_20240707T232920899.fits'
 'ch2_cla_l1_20240707T232920899_20240707T232928899.fits'
 'ch2_cla_l1_20240707T232928899_20240707T232936899.fits'
 'ch2_cla_l1_20240707T232936899_20240707T232944899.fits'
 'ch2_cla_l1_20240707T232944899_20240707T232952899.fits'
 'ch2_cla_l1_20240707T232952899_20240707T233000899.fits'
 'ch2_cla_l1_20240707T233000899_20240707T233008899.fits'
 'ch2_cla_l1_20240707T233008899_20240707T233016899.fits'
 'ch2_cla_l1_20240707T233016899_20240707T233024899.fits'
 'ch2_cla_l1_20240707T233024899_20240707T233032899.fits'
 'ch2_cla_l1_20240707T233032899_20240707T233040899.fits'
 'ch2_cla_l1_20240707T233040899_20240707T233048899.fits'
 'ch2_cla_l1_20240707T233048899_20240707T233056899.fits'
 'ch2_cla_l1_20240707T233056899_20240707T233104899.fits'
 'ch2_cla_l1_20240707T233104899_20240707T233112899.fits'
 'ch2_cla_l1_20240707T233112899_20240707T233120899.fits'
 'ch2_cla_l1_20240707T233120899_20240707T233128899.fits'
 'ch2_cla_l1_20240707T233128899_20240707T233136899.fits'
 'ch2_cla_l1_20240707T233136899_20240707T233144899.fits'
 'ch2_cla_l1_20240707T233144899_20240707T233152899.fits'
 'ch2_cla_l1_20240707T233152899_20240707T233200899.fits'
 'ch2_cla_l1_20240707T233200899_20240707T233208899.fits'
 'ch2_cla_l1_20240707T233208899_20240707T233216899.fits'
 'ch2_cla_l1_20240707T233216899_20240707T233224899.fits'
 'ch2_cla_l1_20240707T233224899_20240707T233232899.fits'
 'ch2_cla_l1_20240708T154745911_20240708T154753911.fits'
 'ch2_cla_l1_20240708T154753911_20240708T154801911.fits'
 'ch2_cla_l1_20240708T154801911_20240708T154809911.fits'
 'ch2_cla_l1_20240708T154809911_20240708T154817911.fits'
 'ch2_cla_l1_20240708T154817911_20240708T154825911.fits'
 'ch2_cla_l1_20240708T154825911_20240708T154833911.fits'
 'ch2_cla_l1_20240708T154833911_20240708T154841911.fits'
 'ch2_cla_l1_20240708T154841911_20240708T154849911.fits'
 'ch2_cla_l1_20240708T154849911_20240708T154857911.fits'
 'ch2_cla_l1_20240708T154857911_20240708T154905911.fits'
 'ch2_cla_l1_20240708T154905911_20240708T154913911.fits'
 'ch2_cla_l1_20240708T154913911_20240708T154921911.fits'
 'ch2_cla_l1_20240708T154921911_20240708T154929911.fits'
 'ch2_cla_l1_20240708T154929911_20240708T154937911.fits'
 'ch2_cla_l1_20240708T154937911_20240708T154945911.fits'
 'ch2_cla_l1_20240708T154945911_20240708T154953911.fits'
 'ch2_cla_l1_20240708T154953911_20240708T155001911.fits'
 'ch2_cla_l1_20240708T155001911_20240708T155009911.fits'
 'ch2_cla_l1_20240708T155009911_20240708T155017911.fits'
 'ch2_cla_l1_20240708T155017911_20240708T155025911.fits'
 'ch2_cla_l1_20240708T155025911_20240708T155033911.fits'
 'ch2_cla_l1_20240708T155033911_20240708T155041911.fits'
 'ch2_cla_l1_20240708T155041911_20240708T155049911.fits'
 'ch2_cla_l1_20240708T155049911_20240708T155057911.fits'
 'ch2_cla_l1_20240708T155057911_20240708T155105911.fits'
 'ch2_cla_l1_20240708T155105911_20240708T155113911.fits'
 'ch2_cla_l1_20240708T155113911_20240708T155121911.fits'
 'ch2_cla_l1_20240708T155121911_20240708T155129911.fits'
 'ch2_cla_l1_20240708T155129911_20240708T155137911.fits'
 'ch2_cla_l1_20240708T155137911_20240708T155145911.fits'
 'ch2_cla_l1_20240708T155145911_20240708T155153911.fits'
 'ch2_cla_l1_20240708T155153911_20240708T155201911.fits'
 'ch2_cla_l1_20240708T155201911_20240708T155209911.fits'
 'ch2_cla_l1_20240708T155209911_20240708T155217911.fits'
 'ch2_cla_l1_20240708T155217911_20240708T155225911.fits'
 'ch2_cla_l1_20240708T155225911_20240708T155233911.fits'
 'ch2_cla_l1_20240708T155233911_20240708T155241911.fits'
 'ch2_cla_l1_20240708T155241911_20240708T155249911.fits'
 'ch2_cla_l1_20240708T155249911_20240708T155257911.fits'
 'ch2_cla_l1_20240708T155257911_20240708T155305911.fits'
 'ch2_cla_l1_20240708T155305911_20240708T155313911.fits'
 'ch2_cla_l1_20240708T155313911_20240708T155321911.fits'
 'ch2_cla_l1_20240708T155321911_20240708T155329911.fits'
 'ch2_cla_l1_20240708T155329911_20240708T155337911.fits'
 'ch2_cla_l1_20240708T155337911_20240708T155345911.fits'
 'ch2_cla_l1_20240708T155345911_20240708T155353911.fits'
 'ch2_cla_l1_20240708T165345911_20240708T165353911.fits'
 'ch2_cla_l1_20240708T165353911_20240708T165401911.fits'
 'ch2_cla_l1_20240708T165401911_20240708T165409911.fits'
 'ch2_cla_l1_20240708T165409911_20240708T165417911.fits'
 'ch2_cla_l1_20240708T165417911_20240708T165425911.fits'
 'ch2_cla_l1_20240708T165425911_20240708T165433911.fits'
 'ch2_cla_l1_20240708T165433911_20240708T165441911.fits'
 'ch2_cla_l1_20240708T165441911_20240708T165449911.fits'
 'ch2_cla_l1_20240708T165449911_20240708T165457911.fits'
 'ch2_cla_l1_20240708T165457911_20240708T165505911.fits'
 'ch2_cla_l1_20240708T165505911_20240708T165513911.fits'
 'ch2_cla_l1_20240708T165513911_20240708T165521911.fits'
 'ch2_cla_l1_20240708T165521911_20240708T165529911.fits'
 'ch2_cla_l1_20240708T165529911_20240708T165537911.fits'
 'ch2_cla_l1_20240708T165537911_20240708T165545911.fits'
 'ch2_cla_l1_20240708T165545911_20240708T165553911.fits'
 'ch2_cla_l1_20240708T165553911_20240708T165601911.fits'
 'ch2_cla_l1_20240708T165601911_20240708T165609911.fits'
 'ch2_cla_l1_20240708T165609911_20240708T165617911.fits'
 'ch2_cla_l1_20240708T165617911_20240708T165625911.fits'
 'ch2_cla_l1_20240708T165625911_20240708T165633911.fits'
 'ch2_cla_l1_20240708T165633911_20240708T165641911.fits'
 'ch2_cla_l1_20240708T165641911_20240708T165649911.fits'
 'ch2_cla_l1_20240708T165649911_20240708T165657911.fits'
 'ch2_cla_l1_20240708T165657911_20240708T165705911.fits'
 'ch2_cla_l1_20240708T165705911_20240708T165713911.fits'
 'ch2_cla_l1_20240708T165713911_20240708T165721911.fits'
 'ch2_cla_l1_20240708T165721911_20240708T165729911.fits'
 'ch2_cla_l1_20240708T165729911_20240708T165737911.fits'
 'ch2_cla_l1_20240708T165737911_20240708T165745911.fits'
 'ch2_cla_l1_20240708T165745911_20240708T165753911.fits'
 'ch2_cla_l1_20240708T165753911_20240708T165801911.fits'
 'ch2_cla_l1_20240708T165801911_20240708T165809911.fits'
 'ch2_cla_l1_20240708T165809911_20240708T165817911.fits'
 'ch2_cla_l1_20240708T165817911_20240708T165825911.fits'
 'ch2_cla_l1_20240708T165825911_20240708T165833911.fits'
 'ch2_cla_l1_20240708T165833911_20240708T165841911.fits'
 'ch2_cla_l1_20240708T165841911_20240708T165849911.fits'
 'ch2_cla_l1_20240708T165849911_20240708T165857911.fits'
 'ch2_cla_l1_20240708T165857911_20240708T165905911.fits'
 'ch2_cla_l1_20240708T165905911_20240708T165913911.fits'
 'ch2_cla_l1_20240708T165913911_20240708T165921911.fits'
 'ch2_cla_l1_20240708T165921911_20240708T165929911.fits'
 'ch2_cla_l1_20240708T165929911_20240708T165937911.fits'
 'ch2_cla_l1_20240708T165937911_20240708T165945911.fits'
 'ch2_cla_l1_20240708T165945911_20240708T165953911.fits'
 'ch2_cla_l1_20240708T165953911_20240708T170001911.fits'
 'ch2_cla_l1_20240708T170001911_20240708T170009911.fits'
 'ch2_cla_l1_20240708T170009911_20240708T170017911.fits'
 'ch2_cla_l1_20240708T170017911_20240708T170025911.fits'
 'ch2_cla_l1_20240708T170025911_20240708T170033911.fits'
 'ch2_cla_l1_20240708T170033911_20240708T170041911.fits'
 'ch2_cla_l1_20240708T170041911_20240708T170049911.fits'
 'ch2_cla_l1_20240708T170049911_20240708T170057911.fits'
 'ch2_cla_l1_20240708T170057911_20240708T170105911.fits'
 'ch2_cla_l1_20240708T170105911_20240708T170113911.fits'
 'ch2_cla_l1_20240708T170113911_20240708T170121911.fits'
 'ch2_cla_l1_20240708T170121911_20240708T170129911.fits'
 'ch2_cla_l1_20240708T170129911_20240708T170137911.fits']"
